tree
version=v4
num_class=1
num_tree_per_iteration=1
label_index=0
max_feature_idx=31
objective=regression
feature_names=zhvi_t fred__mortgage_30y fred__real_rate_10y fred__m2_sa fred__treasury_10y fred__case_shiller_us fred__lumber fred__unemployment_us fred__mortgage_30y_d1m fred__mortgage_30y_d3m fred__mortgage_30y_d12m fred__real_rate_10y_d1m fred__real_rate_10y_d3m fred__real_rate_10y_d12m fred__treasury_10y_d1m fred__treasury_10y_d3m fred__treasury_10y_d12m fema__disasters_10yr_count fema__disasters_10yr_fire fema__disasters_10yr_flood fema__disasters_10yr_hurricane fema__disasters_10yr_other fema__disasters_10yr_severe_storm fema__disasters_10yr_tornado nri__flood_risk_combined nri__wildfire_risk nri__composite_risk derived__derived__vol_24m derived__derived__drawdown afdc__afdc__station_count afdc__afdc__l2_ports afdc__afdc__dcfc_ports
feature_infos=[-439324.03235468967:2777828.2006834503] [-8.8817841970012523e-16:8.8817841970012523e-16] [-4.4408920985006262e-16:4.4408920985006262e-16] [-9.0949470177292824e-13:9.0949470177292824e-13] [-8.8817841970012523e-16:8.8817841970012523e-16] [-2.8421709430404007e-14:2.8421709430404007e-14] [-2.8421709430404007e-14:2.8421709430404007e-14] [-8.8817841970012523e-16:8.8817841970012523e-16] [-1.1102230246251565e-16:1.1102230246251565e-16] [-1.1102230246251565e-16:1.1102230246251565e-16] [-2.2204460492503131e-16:2.2204460492503131e-16] [-5.5511151231257827e-17:1.1102230246251565e-16] [-1.1102230246251565e-16:1.1102230246251565e-16] [-1.1102230246251565e-16:1.1102230246251565e-16] [-1.1102230246251565e-16:1.1102230246251565e-16] [-2.2204460492503131e-16:2.2204460492503131e-16] [-2.2204460492503131e-16:2.2204460492503131e-16] [-9.8338108882521489:4.6521739130434785] [-9.0773638968481372:3.7681159420289854] [-0.97115384615384615:0.51685393258426959] [-1.3611111111111112:1.8274760383386581] [-1.9512195121951219:1.6538461538461537] [-3.1600000000000001:3.7620481927710845] [-0.56481481481481477:0.98461538461538467] [-73.85155314771967:57.550721521948297] [-82.331841573479281:73.893355769028034] [-50.051905764200093:66.211323427439879] [-0.0089824258002055117:0.052450010913043903] [-0.46974602460880199:0.088308596910819576] [-18.859154929577464:226.51282051282053] [-53.142405063291136:521.08124999999995] [-18.88372093023256:138.65384615384616]
tree_sizes=6191 6288 6239 6252 6277 6302 6245 6265 6276 6288 6252 6268 6206 6228 6222

Tree=0
num_leaves=63
num_cat=0
split_feature=25 28 25 28 27 28 21 18 18 25 22 21 21 28 18 20 22 21 28 23 22 27 23 27 22 22 21 18 24 21 27 21 24 26 28 20 27 21 24 18 25 25 20 27 27 21 18 21 22 18 18 21 22 23 28 24 18 21 21 28 25 18
split_gain=3.51507 2.43955 1.64974 1.17839 1.83174 1.33582 1.30622 1.3173 1.45554 0.944536 0.783952 0.742975 1.28832 0.742174 0.726964 0.818663 0.646219 0.6181 0.609377 0.885786 0.58789 1.36364 0.584886 0.579444 0.574767 1.10372 0.698475 0.561663 0.611178 0.551861 0.527399 0.513452 0.498994 1.14426 0.486357 0.462592 0.45792 0.433864 0.426632 0.403633 0.418291 0.39195 0.462323 0.436152 0.388818 0.518646 0.476825 0.416684 0.384075 0.374376 0.564082 0.399473 0.48105 0.368966 0.681479 0.364163 0.358431 0.348286 0.410114 0.348175 0.34663 0.438737
threshold=-23.829727113773256 -0.049398034088695281 4.3051353414155793 -1.0000000180025095e-35 0.00077310671232140528 0.0080799957013158175 -0.60989269758028575 -0.038744172265337766 -0.034091398235167512 28.190497096274921 3.5475148327448776 -0.7875255733821469 -0.7221107644417154 -0.114509859484956 0.56498978549540357 0.13062200956937806 0.2880707221243734 -0.31941838649155713 -0.114509859484956 1.0000000180025095e-35 -0.36425061425061417 0.0071897906523318627 0.92802927039242433 0.0071897906523318627 -1.126381733021077 -1.0031948881789134 -0.4762336719883889 0.5586766541822723 -35.308118053024721 -0.81817991193122241 0.005666478723058495 -0.033644977360389058 -20.624779853031974 -13.637317924206821 0.0016498717147763878 0.28366174055829246 0.009924229970766944 -0.27146113956363283 -51.239850886736306 -1.2141563146997929 12.759419793198495 35.090603726823893 0.84810029226272898 -0.0027431602082692544 0.011544910959419698 0.24177650429799438 -1.0000000180025095e-35 0.27788923555828454 -0.4783177570093457 -0.2466216216216216 -0.27200069632178253 -0.56730769230769229 -0.25360967184801358 1.0000000180025095e-35 0.0046156752924124593 28.336080791712515 1.7396551724137932 1.6363265306122452 0.065789473684210523 0.023141356487680145 -10.145806238605902 1.0064867424242425
decision_type=2 2 2 2 2 2 2 2 2 2 2 2 2 2 2 2 2 2 2 2 2 2 2 2 2 2 2 2 2 2 2 2 2 2 2 2 2 2 2 2 2 2 2 2 2 2 2 2 2 2 2 2 2 2 2 2 2 2 2 2 2 2
left_child=3 2 48 16 27 6 30 23 -9 13 11 29 -13 -4 22 17 20 -16 -18 -20 21 -1 24 37 -14 -26 49 -5 56 53 -6 -24 33 -10 -25 -30 -34 -8 -19 40 -28 -41 43 -43 45 -22 -46 -47 -2 50 -27 -51 -53 -3 -55 -45 -29 58 60 -17 -40 -62
right_child=1 10 9 4 5 -7 7 8 32 -11 -12 12 14 -15 15 59 18 38 19 -21 44 -23 31 34 25 26 39 28 35 -31 -32 -33 36 -35 -36 -37 -38 -39 57 41 -42 42 -44 55 46 47 -48 -49 -50 51 -52 52 -54 54 -56 -57 -58 -59 -60 -61 61 -63
leaf_value=-2.5043955802318162e-05 0.0014649033471545454 0.00015208008062868029 0.0036367990971373412 0.00029627157037807617 0.0018528203610417681 -0.00034367414978554359 0.0021488997711565433 0.0024164172685035971 0.00085033050604877022 6.2837970067821774e-05 0.0025008397933872755 -0.00054715277445928768 0.00035374775565740385 0.0016580768089795564 0.0023132618798799745 0.0018613049901963004 0.0031595522939440045 0.0022037996366670153 0.00069390600886506081 -0.0026815128514700993 -0.0004469212998342975 0.0043260588258473608 0.0021808307980860447 -0.0032296159124116639 -0.00079155716556543595 0.00040773112556010099 5.6894709110794295e-05 0.0010295491934873861 0.00050378074865055345 0.0018397041713198344 0.0038518301827818184 0.00023523734838179163 0.00080067141291933065 0.0033768498196393771 0.0001151970259158742 0.0020487790962997656 -0.0015762312553598929 0.00015770942714327772 0.00047194364293819059 4.0129103263162379e-05 0.0010488605380690767 0.0018936188363851793 0.0022047481698449414 9.5652349491819665e-05 9.6301107369910975e-06 0.001326075208108088 -0.0028584429907177614 -0.00044559417475829622 -0.00027947071831187009 7.6943663154685677e-05 -0.00079406722530060789 -0.0030456950592202209 -0.00046040852926841608 0.0002486741271732685 0.0038901432900446558 0.00069814127939059681 0.0037598419472258783 -0.001326672126139833 0.00050767183413317346 -0.00029378369925461725 0.00021062350242073284 -0.00031605160708906047
leaf_weight=871 373 2387 569 45725 1091 1823 302 2037 1506 783 329 8756 14642 2835 356 1122 221 268 2465 211 6622 227 597 223 3999 1195 2184 220 4638 895 473 785 6650 638 212 541 209 2906 4818 401844 2070 394 308 13207 259 830 329 553 2049 7459 5337 206 1422 350 203 3096 265 369 8701 225 9395 6828
leaf_count=871 373 2387 569 45725 1091 1823 302 2037 1506 783 329 8756 14642 2835 356 1122 221 268 2465 211 6622 227 597 223 3999 1195 2184 220 4638 895 473 785 6650 638 212 541 209 2906 4818 401844 2070 394 308 13207 259 830 329 553 2049 7459 5337 206 1422 350 203 3096 265 369 8701 225 9395 6828
internal_value=0.000122278 7.34442e-05 0.00102784 0.00042604 0.000506708 0.000939713 0.00108372 0.000937396 0.00120945 0.00162866 6.09229e-05 5.93283e-05 5.40064e-05 0.00198883 6.47306e-05 0.000294831 -1.90718e-05 0.000241955 0.000636155 0.000427758 -0.000214943 0.000874501 4.86387e-05 0.000112953 4.55353e-05 3.53419e-05 4.28791e-05 0.000354449 0.000824114 0.000752617 0.00245738 0.0010757 0.000936361 0.00160216 -0.0015995 0.000665172 0.000728245 0.000345159 0.000217682 5.50006e-05 0.000539586 5.00789e-05 0.000285203 0.000249794 -0.000354151 -0.000262996 -0.00159513 0.000617664 -1.08285e-05 -0.000285479 -0.000574204 -7.79346e-05 -0.000787539 0.000421684 0.00158542 0.000210067 0.00252136 0.000200005 0.000218946 0.00150132 9.955e-05 -1.10456e-05
internal_weight=592403 510356 6609 82047 69459 18070 16247 14683 11040 4187 503747 503418 499583 3404 490827 32082 12588 30735 2897 2676 9691 1098 458745 3643 457363 442721 438722 51389 5664 3835 1564 1382 9003 2144 435 5179 6859 3208 30379 423103 4254 418849 17005 16697 8593 8005 588 1383 2422 15619 6532 9087 1628 2940 553 16303 485 30111 29742 1347 21041 16223
internal_count=592403 510356 6609 82047 69459 18070 16247 14683 11040 4187 503747 503418 499583 3404 490827 32082 12588 30735 2897 2676 9691 1098 458745 3643 457363 442721 438722 51389 5664 3835 1564 1382 9003 2144 435 5179 6859 3208 30379 423103 4254 418849 17005 16697 8593 8005 588 1383 2422 15619 6532 9087 1628 2940 553 16303 485 30111 29742 1347 21041 16223
is_linear=0
shrinkage=1


Tree=1
num_leaves=63
num_cat=0
split_feature=0 25 28 28 0 22 0 28 0 28 0 28 25 21 18 22 27 18 25 28 28 28 25 25 20 21 22 22 28 28 0 22 22 28 17 0 18 22 0 18 18 25 21 18 27 26 25 18 22 28 21 0 21 17 27 18 18 21 25 22 18 22
split_gain=10.096 3.09242 2.08677 2.05579 1.75427 1.41059 1.37827 1.15853 1.08878 1.94012 1.67467 1.41026 0.934666 0.914387 1.05731 0.880731 0.737282 0.728089 0.714906 1.14608 1.83011 0.936088 0.711849 1.16186 0.694277 0.676686 0.932301 0.922248 0.631153 0.56714 0.563545 0.648848 0.536219 0.524227 0.523553 0.515129 0.510492 0.483969 0.470262 0.56728 0.545236 0.569243 0.467333 0.451108 0.724869 0.436652 0.433195 0.425508 0.410929 0.506225 0.4019 0.400227 0.395824 0.393671 0.463346 0.387056 0.363253 0.36311 0.473251 0.360937 0.360833 0.354726
threshold=-136942.80643730631 -26.154327021383271 -0.07885667076927598 0.0076836218968625728 -285119.93646611692 -0.4783177570093457 -254266.32714715027 -1.0000000180025095e-35 -19726.507764592254 0.00067693358011813702 55362.430220105023 -1.0000000180025095e-35 -14.547513903980368 -0.72024197166384452 2.4325458636206303 -0.84572885677858045 0.005666478723058495 -1.2141563146997929 4.1349573761753939 -1.0000000180025095e-35 0.0005633382447420872 -0.016431853453749524 5.0691747706236159 32.033993560307714 0.38794304287262033 0.44066882416396996 0.87722567287784714 0.86839080459770124 0.0034276524114162823 0.00016560029285233455 -192810.49368520928 -1.0000000180025095e-35 0.3012001548586915 0.025045448905873433 -0.31950026633092826 -72992.624442149754 -0.67408293460925028 0.19430960086299895 139924.32851187943 -0.24133993148077659 -0.037698931051749263 7.6359906509944375 -0.071858864027538716 -0.03853822299454656 0.0031332438765721703 -7.2259183201299626 -3.736513530900115 -0.31950026633092821 0.1870600414078675 -0.00032907831296580763 0.70873100035348191 107805.45056738287 0.43689320388349512 0.24512759771723916 0.0013928883410765913 0.54202648244099039 2.0436564788283991 0.27604524431011607 -29.865920008395403 1.0000000180025095e-35 -0.037698931051749263 -1.1935979356107151
decision_type=2 2 2 2 2 2 2 2 2 2 2 2 2 2 2 2 2 2 2 2 2 2 2 2 2 2 2 2 2 2 2 2 2 2 2 2 2 2 2 2 2 2 2 2 2 2 2 2 2 2 2 2 2 2 2 2 2 2 2 2 2 2
left_child=1 3 5 4 -1 -2 13 37 18 10 -10 56 53 -3 -15 61 57 -17 19 24 35 -20 32 -24 36 26 27 28 30 51 31 -19 -7 -22 -14 47 -4 -6 39 -36 -40 -42 -35 -31 -45 -18 -38 -21 49 -32 60 -13 -23 -11 -55 59 -12 58 -9 -33 -41 -8
right_child=2 6 8 -5 7 22 15 16 9 12 11 29 34 14 -16 17 45 25 21 20 33 52 23 -25 -26 -27 -28 -29 -30 43 48 55 -34 42 38 -37 46 -39 40 50 41 -43 -44 44 -46 -47 -48 -49 -50 -51 -52 -53 -54 54 -56 -57 -58 -59 -60 -61 -62 -63
leaf_value=0.0040976442037606925 0.0027101463876590803 -0.00014011793861018124 -0.0017477201697551612 -0.00047668713715377884 -0.00086737786801679051 -0.0004406702770630279 0.00050413306753921416 0.001782717307995 -0.00012750122895841031 9.6770861367226986e-05 -9.8461171932609525e-05 -0.00056769064086357828 -0.00023812922743818478 0.0022002145876313627 -0.001170770320609318 0.0022888625710921979 0.0048649935393097997 0.0017977123875273057 0.00079842656785620528 -0.00026320047535451221 -9.5626031980111399e-05 5.8363969476872787e-05 0.0024388353949572395 -0.0016952509572756794 -0.0022186788940741784 0.00309691114278033 -0.00049737085422007848 0.0027274262412462988 -0.00015348524734168102 -0.00092569932560366815 -0.00064430837248198494 -0.0007497415945321008 0.0014310820495579504 -0.0031847445542505163 0.0005429288521151171 0.00013513277692107269 -0.00044415053796453266 0.0016748669449064035 -0.00029126027012570755 -0.00039327176368400074 0.00072164766000074325 -4.5586627150831478e-05 -0.00066879926897891215 -0.0003601791619923641 0.0017811975431930444 0.0022892122990567799 0.00018488477460865211 0.00060051729504918816 0.0012244138053211641 0.00045393863411810165 0.00049255819384224633 -0.0010271892792415571 0.00050467890419181056 0.00033717529528141108 0.0012782744183932294 0.0011787171041907007 0.0018095905314640178 0.0022181085470928362 0.00070584067053769699 0.00088400942735279676 -7.2814906730242184e-05 -0.00060567856935526119
leaf_weight=756 987 706 648 1124 632 1589 974 2697 58809 18351 11444 7458 40740 2451 257 560 282 1884 4929 1581 103430 74047 841 213 523 242 2395 472 3214 3585 1157 742 504 228 3709 19803 13641 266 3542 9632 6326 3913 969 9690 412 395 3424 14540 1513 11268 2928 12998 5325 7785 1572 1398 255 1812 1641 621 99812 2761
leaf_count=756 987 706 648 1124 632 1589 974 2697 58809 18351 11444 7458 40740 2451 257 560 282 1884 4929 1581 103430 74047 841 213 523 242 2395 472 3214 3585 1157 742 504 228 3709 19803 13641 266 3542 9632 6326 3913 969 9690 412 395 3424 14540 1513 11268 2928 12998 5325 7785 1572 1398 255 1812 1641 621 99812 2761
internal_value=-1.02104e-06 0.000744107 -5.82007e-05 0.00153264 0.00179894 0.00106094 0.000511886 0.00157398 -6.66734e-05 -0.000129917 -0.000304094 -0.000530638 -3.80007e-05 0.00146248 0.00188029 0.000400748 0.00179605 0.00050591 1.21465e-05 -5.03307e-05 -1.94487e-06 0.000129827 0.000543696 0.00160339 -0.000423256 0.000465821 0.000440005 0.000540819 0.000493469 -0.000692972 0.000605363 0.00108232 1.00527e-05 -0.000107666 -8.17466e-05 0.000305964 -0.000370244 -0.00011433 -3.26866e-05 -6.54703e-05 0.00024346 0.000428437 -0.00114803 -0.000443846 -0.000272845 0.00336214 -0.000317938 0.000515812 0.000446409 0.000351671 -8.55514e-05 -0.000859662 8.83069e-05 0.000231348 0.000495282 0.000594172 -5.68719e-05 0.00162366 0.00137535 -5.38401e-06 -0.000101018 -0.000316266
internal_weight=592403 42220 550183 9605 8481 4134 32615 7725 546049 302961 104651 45842 198310 3414 2708 29201 6827 25466 243088 158787 140551 84301 3147 1054 18236 24906 24664 22269 21797 34143 18583 4645 2093 104627 170602 35924 17713 898 129862 116081 13781 10239 1197 13687 10102 677 17065 16121 13938 12425 112372 20456 79372 27708 9357 2761 11699 6150 4338 1363 109444 3735
internal_count=592403 42220 550183 9605 8481 4134 32615 7725 546049 302961 104651 45842 198310 3414 2708 29201 6827 25466 243088 158787 140551 84301 3147 1054 18236 24906 24664 22269 21797 34143 18583 4645 2093 104627 170602 35924 17713 898 129862 116081 13781 10239 1197 13687 10102 677 17065 16121 13938 12425 112372 20456 79372 27708 9357 2761 11699 6150 4338 1363 109444 3735
is_linear=0
shrinkage=0.05


Tree=2
num_leaves=63
num_cat=0
split_feature=25 28 25 28 27 28 21 18 18 25 21 21 22 28 22 22 17 30 22 22 25 30 17 28 21 18 21 21 18 28 23 17 23 17 17 21 22 27 27 17 31 27 22 30 22 28 27 30 18 18 25 25 21 27 18 18 21 21 22 21 28 21
split_gain=2.98232 2.16142 1.25395 0.965841 1.60304 1.17182 1.12784 1.29983 1.01984 0.803531 0.675021 1.14967 0.667032 0.618483 0.609802 1.14902 0.566935 0.554621 0.553483 0.561311 0.552697 0.611904 0.551055 0.790763 0.769714 0.538777 0.63623 0.611272 0.521778 0.519808 0.631529 0.514594 0.510183 0.485526 0.480781 0.459385 0.456206 1.13585 0.757952 0.434105 0.425294 0.423408 0.413782 0.400976 0.398209 0.384633 0.495078 0.420659 0.404097 0.355637 0.353618 0.347533 0.385177 0.40651 0.338079 0.49414 0.390292 0.334144 0.504963 0.376599 0.376448 0.325021
threshold=-22.78998083901136 -0.049398034088695281 4.3051353414155793 -1.0000000180025095e-35 0.00085406754762515824 0.0078717545559052315 -0.60989269758028575 -0.038796003980270492 -0.034091398235167512 27.68123612122552 -0.7875255733821469 -0.7221107644417154 3.5475148327448776 -0.114509859484956 -1.126381733021077 -1.0031948881789134 -0.60929215468951237 -37.962732919254655 0.19564877743926259 0.14380090363236439 -38.739420250155412 28.403592814371262 0.04999999999999994 0.005189612687283819 -0.81817991193122241 0.56498978549540357 -0.49657657657657661 -0.31941838649155713 -0.19255034137066801 -0.114509859484956 1.0000000180025095e-35 -0.43754772553725313 0.92802927039242433 -2.7827380952380945 1.7492857142857148 -0.033644977360389058 -0.4783177570093457 0.005666478723058495 0.011544910959419698 -0.77303030303030296 -3.3220046082949302 0.005666478723058495 0.28242309481097611 -4.0923295454545441 0.12745098039215688 0.00067693358011813702 0.0036803769773191318 6.5219047619047625 0.58722109533468581 -1.2141563146997929 12.759419793198495 35.090603726823893 0.27788923555828454 -0.0027431602082692544 -0.039735049617195865 -0.27200069632178253 -0.56730769230769229 0.065789473684210523 1.0000000180025095e-35 0.43269230769230765 -0.0024147212879647587 0.86261343012704184
decision_type=2 2 2 2 2 2 2 2 2 2 2 2 2 2 2 2 2 2 2 2 2 2 2 2 2 2 2 2 2 2 2 2 2 2 2 2 2 2 2 2 2 2 2 2 2 2 2 2 2 2 2 2 2 2 2 2 2 2 2 2 2 2
left_child=3 2 16 18 17 6 41 20 -9 13 22 33 14 -4 -13 -16 -2 34 19 28 39 -22 24 -24 -3 26 54 -27 -1 -20 -31 -18 49 -12 -5 -34 37 -30 44 -8 -40 -6 -29 -7 -38 46 48 -48 -10 50 -28 57 53 -53 55 -17 -56 -51 -59 60 -60 -61
right_child=1 10 9 4 5 43 7 8 45 -11 11 12 -14 -15 15 25 31 -19 29 -21 21 -23 23 -25 -26 27 32 42 36 30 -32 -33 35 -35 -36 -37 38 -39 40 -41 -42 -43 -44 -45 -46 -47 47 -49 -50 51 -52 52 -54 -55 56 -57 -58 58 59 61 -62 -63
leaf_value=-0.0011812646436840095 0.0017678917321460085 -9.3523496005433807e-05 0.0032241359519928747 0.00046406859665802408 0.0016229078132927992 -0.0011193620511873498 0.0028873248001708325 0.0019596895867855808 0.00059890028434777685 -4.4056747970803946e-05 0.0017476994648707236 0.00023771487501082322 0.0021964886851580799 0.0014101936353118848 -0.00084873084239044593 0.00025870929305018815 -0.0025138689778762594 0.00018258118470341027 0.0026688732915177015 -0.0018745910050227297 -0.00017115882556199401 -0.0023429403502382173 0.00051693370082365119 0.0045437394144862671 0.0016213958920806813 0.0022662604559084108 -5.3938107589193635e-05 5.3885698110774995e-05 -0.00016225328485622488 0.00045590975524764432 -0.0021408839597388293 -9.9475188178212357e-05 0.0019437204688808715 -0.00069161728061381555 0.002372316247326465 0.0001034123629719972 -0.00016602033252056123 0.003925846427540426 -0.00079763054952960869 0.00034580281059894976 -0.0038549673967334685 0.0034240421042579469 0.00063081735796399101 0.0003672852146477989 0.0014549587268215345 0.00040072349768873145 0.0011788857159637618 0.0032620907291226482 0.001980075520504024 -5.9482095052761469e-05 0.00085924714186770492 0.0016709239531503717 0.00098903033880449174 4.4381039112704375e-05 -3.9588217200255355e-05 -0.0008695967764448877 -0.00093437622919413362 -1.5222941582207143e-05 7.8094989548047305e-05 0.00028321049140230236 -0.00046128625417545883 -0.0008948805745645869
leaf_weight=1232 351 2433 564 867 1052 1003 208 2270 3379 806 209 17093 329 2817 4646 1188 254 54081 239 545 1951 389 303 204 895 338 2173 24471 576 2993 254 1683 597 8516 533 785 6329 241 254 874 206 473 3560 828 403 3906 571 421 628 342455 2070 394 1274 15337 7373 5297 1460 23528 3738 3833 24032 691
leaf_count=1232 351 2433 564 867 1052 1003 208 2270 3379 806 209 17093 329 2817 4646 1188 254 54081 239 545 1951 389 303 204 895 338 2173 24471 576 2993 254 1683 597 8516 533 785 6329 241 254 874 206 473 3560 828 403 3906 571 421 628 342455 2070 394 1274 15337 7373 5297 1460 23528 3738 3833 24032 691
internal_value=-9.69992e-07 -4.74234e-05 0.000860233 0.000269961 0.000340906 0.000751579 0.000887713 0.000752541 0.00101364 0.00137459 -5.91959e-05 -6.43115e-05 -5.41125e-05 0.00171279 -5.56351e-05 -6.63209e-05 -8.10356e-05 0.000208017 -0.000122574 -0.000315289 -0.000100099 -0.000532194 0.000601606 0.00213719 0.00036767 -5.84967e-05 -7.22278e-05 0.000152643 -0.000223327 0.000418421 0.000252773 -0.000416076 -6.07084e-05 -0.000633186 0.00119057 0.000898394 -7.59701e-05 0.00104366 -0.000203158 0.000834376 -0.00216679 0.00218155 0.000127157 -0.000447082 -6.89831e-05 0.000772474 0.00106294 0.00206299 0.000815366 -6.38679e-05 0.000391571 -6.85211e-05 0.00015284 8.51196e-05 -0.000388757 -0.0006629 -0.000187487 -7.79725e-05 -0.000191407 -0.000319766 -0.000388682 0.000103268
internal_weight=592403 505697 6475 86706 73434 17953 16122 14597 11175 4187 499222 495387 486662 3381 486333 469240 2288 55481 13272 9786 3422 2340 3835 507 3328 464594 436225 28369 9241 3486 3247 1937 420907 8725 1400 1382 8009 817 7192 1082 460 1525 28031 1831 6732 8905 4999 992 4007 419525 4243 415282 17005 15731 15318 6485 8833 398277 55822 32294 27770 4524
internal_count=592403 505697 6475 86706 73434 17953 16122 14597 11175 4187 499222 495387 486662 3381 486333 469240 2288 55481 13272 9786 3422 2340 3835 507 3328 464594 436225 28369 9241 3486 3247 1937 420907 8725 1400 1382 8009 817 7192 1082 460 1525 28031 1831 6732 8905 4999 992 4007 419525 4243 415282 17005 15731 15318 6485 8833 398277 55822 32294 27770 4524
is_linear=0
shrinkage=0.05


Tree=3
num_leaves=63
num_cat=0
split_feature=0 0 27 17 0 22 17 18 17 18 22 0 23 18 18 18 20 22 18 27 29 17 27 22 20 0 20 17 24 27 24 24 18 18 22 22 22 22 23 0 27 18 18 23 17 17 29 27 26 18 27 26 29 31 20 17 20 18 17 22 18 18
split_gain=8.93628 2.59958 1.37505 1.32339 1.13291 1.07072 1.06691 0.882942 0.850356 0.793335 0.871772 1.00223 0.836303 0.751918 0.793975 0.980909 0.826835 0.710121 0.709893 1.12831 0.876671 0.623661 0.614107 0.808727 0.541985 0.523144 0.502842 0.491531 0.458031 0.4515 0.392328 0.386373 0.385159 0.378186 0.374365 0.575205 0.370373 0.599431 0.368048 0.363207 0.361358 0.345264 0.441899 0.377272 0.326707 0.480527 0.320949 0.384017 0.382111 0.312236 0.301128 0.296023 0.292583 0.332701 0.292046 0.287924 0.284381 0.279554 0.279482 0.407012 0.289655 0.648311
threshold=-136942.80643730631 -285119.93646611692 0.002458421142665155 2.2107426370426042 -19726.507764592254 0.1870600414078675 0.39003720545680054 2.3105605605605608 3.187261222540593 2.4325458636206303 -0.84572885677858045 -212245.57563070627 -1.0000000180025095e-35 1.0064867424242425 -1.0000000180025095e-35 -0.041219530049044696 0.19427305118623453 0.87722567287784714 -0.038744172265337766 0.0039005238747362365 8.4405691732447057 0.11924849621123347 0.0010687318434993754 -0.46906035141329261 0.28976435935198813 -192810.49368520928 -0.094139194139194166 -0.17658115877930111 22.269327004944337 -0.00055308590306920832 7.7407668538850851 -2.1795520842664042 -0.083967161656404637 -0.19201870926008849 -0.12002987056090277 -0.049281521959117607 0.87722567287784714 0.73459119496855363 -0.07102828553859912 -148542.30125310973 -0.00052583223015937707 -1.2608892921960071 -0.40412698412698406 -0.04699770942408376 1.2471761888615751 1.5632924163443755 6.9405882352941184 0.0046400692014245152 -25.633611518612462 -0.45797351755900967 0.005666478723058495 14.430321449486252 -3.7565835065835067 -5.9267543859649114 0.14680134680134674 1.7492857142857148 0.28366174055829246 -1.2141563146997929 -0.33156028368794316 -0.39541871921182264 -0.033644977360389058 -0.033771225817352361
decision_type=2 2 2 2 2 2 2 2 2 2 2 2 2 2 2 2 2 2 2 2 2 2 2 2 2 2 2 2 2 2 2 2 2 2 2 2 2 2 2 2 2 2 2 2 2 2 2 2 2 2 2 2 2 2 2 2 2 2 2 2 2 2
left_child=1 3 9 21 22 25 39 13 -9 10 38 12 31 14 15 16 26 56 20 58 28 -1 30 33 -18 51 49 -21 -17 -28 41 -12 -31 -24 52 -36 37 57 40 50 -3 -2 -43 -44 -15 -46 -16 48 -48 -6 -7 -4 -25 -54 -37 -56 -14 -13 59 -20 61 -60
right_child=4 2 5 -5 7 6 -8 8 -10 -11 11 36 17 44 46 18 24 -19 19 27 -22 -23 23 34 -26 -27 29 -29 -30 32 -32 -33 -34 -35 35 54 -38 -39 -40 -41 -42 42 43 -45 45 -47 47 -49 -50 -51 -52 -53 53 -55 55 -57 -58 -59 60 -61 -62 -63
leaf_value=0.0016168744517433998 0.00072842746793655487 -0.0023866499755105046 0.0021555216738220464 -0.0009100845006738841 0.0002503541856184008 0.0025860885074378412 0.00079523616795316619 0.0022720897071469752 -0.00064674154651458656 -0.0010140894488262294 0.0045396038211278755 0.0018699913251167917 0.0011524419205776214 -0.0015000116523692553 -8.3246539971928236e-05 -0.0010639070240787273 -0.00088942545974184876 -0.00049901414747179843 -0.00047103232815971438 -0.0010321094951672781 -0.0032558330353644285 0.0033731638452743403 -0.00032956338557923602 -0.0010051383065987237 8.8885379632893047e-05 0.00033774625943976073 -0.00010595342438349358 0.0015528206824499343 -0.00012892093670069919 0.00014385349229586127 0.00010192069542913599 0.0016131523341538188 0.0008978314709530181 0.00068716112594902675 0.00092058107020681732 0.00013539655608357646 -0.00020949321242881414 0.0019160955741537413 3.5621296920302537e-05 0.0013992402716858495 0.00022471873378063635 -0.00047971259144056333 0.00029009405980888204 -6.6723581508877636e-05 0.00052637617654039141 -0.00078371981300497356 0.001789832396634198 0.0021395543698321143 7.5991737692597896e-05 -0.00068448502923281439 0.004386305808899516 0.00056886453809283925 0.0014980051728918243 -0.00020084202545812358 -0.00026353327588315853 -0.0020749704217321 0.0028746906148910288 0.00045868500846677634 -0.0003828939491568211 -0.0018648276100102523 -0.00013075653733590246 -0.0015298108389446641
leaf_weight=812 1385 333 855 286 1128 394 730 738 377 858 257 357 4556 1053 198531 4516 5139 666 1517 223 383 1339 1018 1089 1954 2127 24615 1049 1845 12431 52994 201 1961 9006 2265 27931 1821 756 3682 221 220 6142 7861 128555 878 3451 331 235 18653 4291 566 448 304 5543 1694 252 253 20482 9145 800 7476 1424
leaf_count=812 1385 333 855 286 1128 394 730 738 377 858 257 357 4556 1053 198531 4516 5139 666 1517 223 383 1339 1018 1089 1954 2127 24615 1049 1845 12431 52994 201 1961 9006 2265 27931 1821 756 3682 221 220 6142 7861 128555 878 3451 331 235 18653 4291 566 448 304 5543 1694 252 253 20482 9145 800 7476 1424
internal_value=-9.21495e-07 0.000700105 0.000603 0.0022853 -5.47169e-05 0.00134947 0.00229792 -0.000119249 0.00128518 0.000487243 0.000525598 0.000622367 0.00120283 -0.000124417 -0.000113826 -0.00024864 -0.000118616 0.00103114 -0.000484695 -0.000345069 -0.000932599 0.00271017 2.50554e-05 0.000183255 -0.000619918 0.000821052 -3.85783e-05 0.00109965 -0.000792715 2.41199e-05 -1.43881e-05 0.00325529 0.000246588 0.000583906 8.04824e-05 0.000152373 0.000475293 0.000533037 -0.00014502 0.00322676 -0.00134777 -5.72084e-05 -6.48411e-05 -4.61619e-05 -0.00071014 -0.000518008 -6.43597e-05 0.000130741 0.000105874 -0.000489892 0.00364747 0.00160999 -0.000252663 -0.000112515 9.41341e-05 -0.000498108 0.00124305 0.000482863 -0.000435319 -0.000952274 -0.000368942 -0.000537422
internal_weight=592403 42220 39783 2437 550183 5341 1911 304144 1115 34442 33584 29349 5933 303029 297647 79897 51519 5475 28378 21634 6744 2151 246039 49102 7093 3430 44426 1272 6361 39007 196937 458 14392 10024 39078 32142 23416 21595 4235 1181 553 143943 142558 136416 5382 4329 217750 19219 18984 5419 960 1303 6936 5847 29877 1946 4809 20839 20362 2317 18045 10569
internal_count=592403 42220 39783 2437 550183 5341 1911 304144 1115 34442 33584 29349 5933 303029 297647 79897 51519 5475 28378 21634 6744 2151 246039 49102 7093 3430 44426 1272 6361 39007 196937 458 14392 10024 39078 32142 23416 21595 4235 1181 553 143943 142558 136416 5382 4329 217750 19219 18984 5419 960 1303 6936 5847 29877 1946 4809 20839 20362 2317 18045 10569
is_linear=0
shrinkage=0.05


Tree=4
num_leaves=63
num_cat=0
split_feature=0 25 28 28 0 0 22 28 25 25 0 28 0 28 25 21 21 22 22 18 21 22 21 21 25 20 18 28 28 25 27 0 21 28 18 22 22 22 27 0 17 28 18 18 0 25 22 22 18 21 27 17 20 0 22 25 0 22 31 28 21 28
split_gain=8.06499 2.51502 1.76401 1.72316 1.42546 1.12049 1.11004 0.99264 0.9606 0.974771 0.847738 1.77698 1.45966 1.17373 0.779581 0.773463 0.932043 0.678138 0.653114 0.598292 0.594674 0.78356 0.59031 0.692401 0.571426 0.701315 0.60113 0.671123 0.648009 0.888905 0.561518 0.544759 0.544219 0.508719 0.530948 0.506071 0.854079 0.822922 0.650445 0.545571 0.471018 0.461531 0.43355 0.501697 0.792302 0.514808 0.426265 0.433812 0.418324 0.515502 0.401487 0.390681 0.374469 0.372169 0.367888 0.359218 0.355404 0.355377 0.384565 0.349541 0.344242 0.341235
threshold=-136942.80643730631 -26.154327021383271 0.0076836218968625728 -0.060398460053816799 -285119.93646611692 -254266.32714715027 -0.4783177570093457 -1.0000000180025095e-35 5.0691747706236159 36.492932993871484 -19726.507764592254 0.00067693358011813702 55362.430220105023 -1.0000000180025095e-35 -14.547513903980368 -0.072398354748298352 0.24177650429799438 -0.84572885677858045 0.3012001548586915 -1.2141563146997929 0.44066882416396996 0.92085844863882549 -0.7875255733821469 -0.71119691119691109 12.550374928217989 0.28976435935198813 -0.226111520510931 0.00095290499023939609 -1.0000000180025095e-35 -1.635522930250694 0.00036260426960707401 -74942.989668038921 -1.1413377192982455 0.00012893002935863651 -0.21972005332317651 0.1870600414078675 -1.0000000180025095e-35 -0.079247853070650201 0.002458421142665155 -201774.00945916589 -0.31950026633092826 0.012868306756433188 -0.24133993148077659 -0.037698931051749263 139924.32851187943 7.6359906509944375 1.0000000180025095e-35 -0.097982216142270859 0.46769509981851187 0.24177650429799438 0.0066153399802481192 0.39003720545680054 -0.056049478160031023 -161781.41329614181 -0.037523584241502698 1.0000000180025095e-35 107805.45056738287 1.3602403204272364 -6.2454461169284459 -1.0000000180025095e-35 0.72741841491841508 -0.114509859484956
decision_type=2 2 2 2 2 2 2 2 2 2 2 2 2 2 2 2 2 2 2 2 2 2 2 2 2 2 2 2 2 2 2 2 2 2 2 2 2 2 2 2 2 2 2 2 2 2 2 2 2 2 2 2 2 2 2 2 2 2 2 2 2 2
left_child=1 2 4 6 -1 15 -2 50 18 61 22 12 -12 -14 57 -3 -17 -7 -8 -19 21 35 32 41 25 26 59 28 29 -28 -9 52 -5 56 -35 36 37 39 -37 -21 -16 -24 -42 -44 60 -46 47 -32 -38 -50 -6 -48 -30 -40 -39 -56 -15 -13 -59 -25 -45 -10
right_child=3 5 -4 10 7 17 8 30 9 -11 11 14 13 33 40 16 -18 19 -20 20 -22 -23 23 24 -26 -27 27 -29 31 -31 46 -33 -34 34 -36 38 48 54 53 -41 42 -43 43 44 45 -47 51 -49 49 -51 -52 -53 -54 -55 55 -57 -58 58 -60 -61 -62 -63
leaf_value=0.0036950068184422786 0.0019539312537884706 -7.7629487550286955e-06 -0.00048506380902499493 -0.0004905440747863674 -0.00090840644736741953 -0.000273695508830025 -0.00055637466744431552 0.0012354099285963093 0.0031714711792181199 -0.0018839924016915113 -0.00011903976910291358 0.00018738563423844527 -5.8860969036372631e-05 -0.00052925242425179051 -0.00021786843120822028 0.0021989528184741575 -0.00023570502754402458 0.002063982614241208 0.0011372508041761647 0.0013647044725449411 0.0028779101129409604 -0.00058248722764949953 -0.00052878743297072792 -0.0010179571303112623 0.00015539145134435962 -0.00066594814667682691 -0.00034442820359606674 -6.8720275266851135e-05 0.0014392111294923978 0.0004024298647798945 0.0025560816849958703 0.00010081610951072811 0.0014083837256478465 -0.0011492396506540908 -0.00030921383791968738 0.00075552175809306575 -0.00020035428583389621 0.001166645892254434 0.0041638139134445116 0.00019706500436169556 0.00046069758844244921 -0.002917391433048774 -0.00033560008943196078 -6.2203542885115823e-05 0.00069178464427007054 -3.78438628209282e-05 0.0030038116253555663 0.00053141164131691729 0.00069433335197529374 -0.00089997989351836203 0.0013169884768918965 0.0012127941306764669 0.00040321972278731531 0.0013587128388648359 0.0039959083104402241 0.001315522423580576 -0.00098130483552629801 0.0031662501092616351 0.00058637791022494057 -0.00024118902112583312 0.00056060918888098507 0.0013736511271438823
leaf_weight=756 1507 837 1124 520 589 3735 2295 3922 339 207 58255 26999 11458 6813 40740 2093 484 560 757 1227 242 1921 3678 1652 53822 4235 12705 101022 920 5804 452 27220 1375 2196 13117 2619 6180 2335 238 5417 4473 214 12900 99981 6326 3913 1428 638 3396 596 309 387 16808 235 251 249 12017 202 507 11745 2269 1192
leaf_count=756 1507 837 1124 520 589 3735 2295 3922 339 207 58255 26999 11458 6813 40740 2093 484 560 757 1227 242 1921 3678 1652 53822 4235 12705 101022 920 5804 452 27220 1375 2196 13117 2619 6180 2335 238 5417 4473 214 12900 99981 6326 3913 1428 638 3396 596 309 387 16808 235 251 249 12017 202 507 11745 2269 1192
internal_value=-8.75418e-07 0.0006651 0.00137622 -5.19811e-05 0.0016229 0.000455678 0.000770387 0.00142011 0.000398028 0.00133633 -6.15023e-05 -0.000117334 -0.000284884 -0.000496749 -2.9587e-05 0.00131278 0.00174169 0.000355471 -0.000136298 0.000447748 0.000411408 0.000387207 8.29095e-06 1.34533e-06 1.22571e-05 -3.00456e-05 -1.49056e-05 1.13272e-05 0.000138761 -0.000110231 0.00162567 0.000241292 0.000887306 -0.000643699 -0.00042968 0.000469112 0.000375555 0.000717022 0.00106371 0.000412702 -6.95391e-05 -0.000660124 -2.30055e-05 -4.02607e-05 -6.39177e-06 0.000412945 0.00215256 0.001371 5.73514e-05 0.000456305 -0.000142653 0.00262193 0.000456983 0.00277016 0.00143021 0.00266108 -0.000817745 0.000216403 0.0013214 -0.000336973 -4.83829e-05 0.00177173
internal_weight=592403 42220 9605 550183 8481 32615 6297 7725 4790 1738 543886 302166 103856 45601 198310 3414 2577 29201 3052 25466 24906 24664 241720 239825 235933 182111 177876 164479 63457 18509 6827 44948 1895 34143 15313 22743 19651 9479 3092 6644 170602 3892 129862 125389 112489 10239 2905 1090 10172 3992 898 1815 17728 473 2835 500 18830 27708 709 13397 102250 1531
internal_count=592403 42220 9605 550183 8481 32615 6297 7725 4790 1738 543886 302166 103856 45601 198310 3414 2577 29201 3052 25466 24906 24664 241720 239825 235933 182111 177876 164479 63457 18509 6827 44948 1895 34143 15313 22743 19651 9479 3092 6644 170602 3892 129862 125389 112489 10239 2905 1090 10172 3992 898 1815 17728 473 2835 500 18830 27708 709 13397 102250 1531
is_linear=0
shrinkage=0.05


Tree=5
num_leaves=63
num_cat=0
split_feature=0 0 28 27 28 17 21 21 22 21 28 0 18 18 0 28 0 28 22 17 23 22 28 29 17 24 22 21 21 21 29 23 22 24 27 0 18 18 28 17 18 27 20 20 0 0 22 21 22 18 22 27 20 18 18 0 27 18 28 27 17 30
split_gain=7.29971 2.19599 1.99107 1.20513 1.43557 1.16821 1.05658 1.01766 0.924186 0.912299 0.908829 0.803403 0.753737 0.907434 0.74786 1.33513 1.29178 0.837879 0.682338 0.632678 0.625604 0.583475 0.535468 0.494255 0.465996 0.532487 0.459222 0.446742 0.604729 0.476718 0.443769 0.443057 0.434565 0.407395 0.40583 0.405705 0.390335 0.807564 0.465051 0.388101 0.38471 0.692406 0.381126 0.44239 0.378127 0.370057 0.397122 0.365952 0.365472 0.364405 0.360925 0.351363 0.344627 0.343298 0.384469 0.736782 0.490012 0.586404 0.362717 0.354802 0.336641 0.330646
threshold=-136942.80643730631 -285119.93646611692 -0.07885667076927598 0.0031332438765721703 -1.0000000180025095e-35 2.2107426370426042 -0.033644977360389058 -0.60989269758028575 -0.4783177570093457 0.12186424003935072 0.0038380883089548352 -223990.34996984582 2.2491416918351024 1.6279619275825346 -19726.507764592254 0.00080125828379631859 55362.430220105023 -1.0000000180025095e-35 0.73459119496855363 3.187261222540593 -0.071563342318059289 -1.126381733021077 0.00016560029285233455 -3.7766770533247098 0.04999999999999994 -9.8536758612449002 0.87722567287784714 -0.7875255733821469 -0.7221107644417154 -1.1413377192982455 16.354860313815539 -1.0000000180025095e-35 0.6126794144294504 -3.4981974418323278 0.00033515721594643526 78338.600445820062 -0.226111520510931 -0.75099999999999989 0.00085270520401168638 -0.31950026633092826 -0.03853822299454656 0.003309770309309882 0.28976435935198813 0.27123938030984535 295361.02737492463 -192810.49368520928 1.7123689727463316 0.065789473684210523 -0.024800163968026243 -0.033644977360389058 -1.0031948881789134 0.014246818421610994 0.84732725577540668 -0.24133993148077659 -0.037698931051749263 139924.32851187943 0.0013928883410765913 -0.041219530049044696 0.014109076422572779 0.0052741462117649089 0.24512759771723916 -22.841382301908613
decision_type=2 2 2 2 2 2 2 2 2 2 2 2 2 2 2 2 2 2 2 2 2 2 2 2 2 2 2 2 2 2 2 2 2 2 2 2 2 2 2 2 2 2 2 2 2 2 2 2 2 2 2 2 2 2 2 2 2 2 2 2 2 2
left_child=1 5 8 4 -3 6 -1 -5 -2 45 11 34 13 14 21 16 -16 -18 31 35 -13 -4 44 -10 51 -26 32 29 -29 -23 39 -12 61 -8 50 -14 37 -30 42 -17 -24 -42 43 -38 -19 46 -9 48 -39 -46 -6 -25 -40 -41 56 59 57 -55 -57 -56 -58 -22
right_child=2 3 12 7 10 -7 33 9 23 -11 18 20 19 -15 15 30 17 22 -20 -21 26 27 40 24 25 -27 -28 28 36 -31 -32 -33 -34 -35 -36 -37 38 47 52 53 41 -43 -44 -45 49 -47 -48 -49 -50 -51 -52 -53 -54 54 55 58 60 -59 -60 -61 -62 -63
leaf_value=8.0963339624560951e-06 0.0023758956682531935 -0.00065314250345892841 0.00042606687708069617 0.0027874386396220321 -0.00034430013669842045 -0.00089127315596826894 0.0036296215784642873 0.0016484009119078524 -0.00093903844455028244 0.0023441807979465122 0.0013122118417162537 -0.0012276679994064747 0.00082207950254742357 -0.0006951451685475638 -9.6830786811019556e-05 -0.00016675987930801276 -7.1795925297685274e-05 -0.00063894777776651 0.0016939723137208301 -0.00058590528597116597 0.00012764423481313362 -0.00045259657188216726 -0.00077101010005423858 0.0011487214670336083 -0.0014094357550920298 0.00084485045616656542 -0.00026624816536563797 -0.00075186584174909328 0.00048636218632566367 0.0013313879390675274 0.00037206568669795217 -0.00038740443697034559 0.0017247292749739667 0.0021076649137231631 0.0021224230260646518 0.0025085397407083828 0.00011796019047575677 -0.00071532982981175144 -4.6689302462714962e-05 0.00041223917475260649 -0.00028249274537509305 0.0017079145949177835 -0.00069616371920524426 0.0016372676491791405 -0.0020075020261650866 -7.4986867196516531e-05 -0.00070624280587481831 -0.0018763522406571817 -0.00017362751918681109 -0.00089346502319073934 0.0012093909592179163 0.0032850557924049145 0.0010022407762810728 -0.00010851115795413936 -1.1750946468384812e-05 0.00033893357954029935 -0.00027643664601749083 -0.00076715057011929062 0.0015441660956986545 -0.00082163668252736117 0.0010126198611525616 0.00067918869123994403
leaf_weight=358 992 2727 8237 942 431 290 1034 848 435 850 420 490 1103 5562 60807 46452 11168 15500 504 556 3235 538 4038 1235 375 869 1503 2702 3362 1232 6716 4405 882 765 1079 527 80473 4367 124987 4878 11005 455 1431 482 1019 1439 227 392 10849 2625 2816 228 788 9715 104778 9961 863 5182 666 1370 1226 16981
leaf_count=358 992 2727 8237 942 431 290 1034 848 435 850 420 490 1103 5562 60807 46452 11168 15500 504 556 3235 538 4038 1235 375 869 1503 2702 3362 1232 6716 4405 882 765 1079 527 80473 4367 124987 4878 11005 455 1431 482 1019 1439 227 392 10849 2625 2816 228 788 9715 104778 9961 863 5182 666 1370 1226 16981
internal_value=8.57216e-07 0.000634398 -4.77697e-05 0.000544967 0.000449083 0.0020882 0.00248878 0.00133487 0.00104541 0.000928114 0.000540873 0.000657003 -5.60464e-05 -5.97709e-05 -5.32055e-05 -0.000106041 -0.000247893 -0.000448408 -5.66008e-05 0.000870536 0.000539852 1.25359e-05 -0.000569821 0.00062534 0.000876727 0.000165303 0.000578172 -2.17142e-06 -8.26548e-06 0.000789137 -2.71921e-05 -0.000239459 0.000638328 0.00298243 0.00128233 0.00136733 5.80556e-07 -0.000216548 2.03678e-05 -4.16791e-05 -0.00035134 -0.000203467 0.000112708 0.000127006 -0.000746692 0.000449332 0.00115119 -0.000367956 -0.000329096 -0.00120499 0.00100316 0.00148166 -4.01176e-05 2.30085e-07 -1.47951e-05 1.7535e-05 -0.000237057 -0.000337622 0.000414466 -2.22037e-05 0.00048009 0.00059093
internal_weight=592372 42226 550146 39779 35473 2447 2157 4306 4134 3364 32746 27417 546012 543826 538264 298424 106617 45810 5329 2186 23091 239840 34642 3142 2707 1244 22601 231603 229833 1770 191807 4825 21098 1799 4326 1630 227131 18970 208161 185091 15498 11460 82386 80955 19144 2514 1075 15608 15216 3644 3247 1463 125775 138639 133761 116775 16986 14897 10627 106148 2089 20216
internal_count=592372 42226 550146 39779 35473 2447 2157 4306 4134 3364 32746 27417 546012 543826 538264 298424 106617 45810 5329 2186 23091 239840 34642 3142 2707 1244 22601 231603 229833 1770 191807 4825 21098 1799 4326 1630 227131 18970 208161 185091 15498 11460 82386 80955 19144 2514 1075 15608 15216 3644 3247 1463 125775 138639 133761 116775 16986 14897 10627 106148 2089 20216
is_linear=0
shrinkage=0.05


Tree=6
num_leaves=63
num_cat=0
split_feature=0 0 28 27 28 17 21 21 22 21 28 0 0 28 0 28 22 22 28 29 21 21 21 29 22 22 17 31 28 21 31 22 21 17 27 0 28 21 22 27 30 0 22 21 27 21 22 27 28 17 17 17 17 0 21 0 26 31 26 28 20 22
split_gain=6.58798 1.98188 1.79694 1.08763 1.29561 1.05431 0.953566 0.91844 0.834077 0.82335 0.820218 0.725071 0.679834 1.33092 1.20879 0.931572 0.61581 0.535921 0.532448 0.469934 0.46875 0.542942 0.452953 0.446065 0.430992 0.449085 0.420561 0.541241 0.399113 0.394727 0.41245 0.405652 0.386323 0.378216 0.366261 0.363846 0.705266 0.420792 0.357639 0.344893 0.340598 0.333976 0.358402 0.333486 0.507481 0.330966 0.325735 0.323897 0.320123 0.317001 0.312426 0.308752 0.376132 0.29082 0.289113 0.282373 0.277882 0.277174 0.273617 0.272752 0.268761 0.26785
threshold=-136942.80643730631 -285119.93646611692 -0.07885667076927598 0.0031332438765721703 -1.0000000180025095e-35 2.2107426370426042 -0.033644977360389058 -0.60989269758028575 -0.4783177570093457 0.12186424003935072 0.0038380883089548352 -223990.34996984582 -19726.507764592254 0.00080125828379631859 55362.430220105023 -1.0000000180025095e-35 0.73459119496855363 -1.126381733021077 0.00020202412214162635 16.354860313815539 -0.7875255733821469 -0.71119691119691109 -1.3329166666666663 -3.7766770533247098 0.87722567287784714 0.19430960086299895 0.04999999999999994 -3.9381180223285481 0.011457789788720604 0.13809523809523813 1.645856052344602 0.34309564233163553 -0.033771225817352361 0.18994452149791954 0.00033515721594643526 107805.45056738287 0.012868306756433188 0.27641208216778296 -1.0031948881789134 -0.0026434868159067441 -22.841382301908613 -192810.49368520928 1.7123689727463316 0.16485568760611205 0.002250313792329262 -1.0000000180025095e-35 -1.0031948881789134 0.00081113540346150926 -0.114509859484956 -2.2427777777777771 0.12151821438789324 0.18994452149791954 0.1584261942461089 111985.05477321107 0.70873100035348191 -157212.81705441515 -8.0461216232888919 -3.9956896551724133 3.9723371531851641 -0.0072796567721051713 -0.080014224751066856 -0.84313602410394817
decision_type=2 2 2 2 2 2 2 2 2 2 2 2 2 2 2 2 2 2 2 2 2 2 2 2 2 2 2 2 2 2 2 2 2 2 2 2 2 2 2 2 2 2 2 2 2 2 2 2 2 2 2 2 2 2 2 2 2 2 2 2 2 2
left_child=1 5 8 4 -3 6 -1 -5 56 41 11 34 17 14 59 51 39 -4 43 35 22 28 -19 -10 25 32 27 -25 -22 30 31 -27 61 -28 46 54 37 58 -23 -12 -34 42 50 49 -45 -29 -6 -20 -47 -17 -9 52 -16 -51 -15 -42 -2 -38 -37 -14 -40 -13
right_child=2 3 12 7 10 -7 -8 9 23 -11 16 24 13 19 15 18 -18 20 47 -21 21 38 -24 26 -26 29 33 45 -30 -31 -32 -33 40 -35 -36 36 57 -39 60 -41 55 -43 -44 44 -46 48 -48 -49 -50 53 -52 -53 -54 -55 -56 -57 -58 -59 -60 -61 -62 -63
leaf_value=7.6915143018194308e-06 0.0037977539986920328 -0.000620485374288253 0.00040494988635213182 0.0026480666936864578 -0.00032708513031655867 -0.00084670948691100117 0.0028333089152603103 0.00099271207137775481 -0.00089208650434044814 0.002226971760404815 0.0010502898476062467 -0.00062949143611172121 0.00013860295432381321 -7.9242660019866897e-05 -0.00015206874724787251 -0.0024103800976598378 0.0016092736942817335 -0.00073884940685407709 -0.00043231099790526405 0.00037944489645118943 -0.00048970103453292366 -0.0007061371388600552 0.001191050841029687 -0.00045476556138705098 -0.00029131524456130594 0.0025679168513424006 -0.0016686580703267223 0.00078452913401092493 -0.0027712182256069409 0.00036661558050846057 0.0036788714844121343 0.00080280937560337623 0.00012639580895588832 0.00057336112989788703 0.0020163018750314356 0.0002538081792739349 0.0017569152548375527 -0.00046878175964278036 0.00022394363718233057 -0.00036733873890588639 0.00090537065211014059 -7.1237532756348269e-05 -0.00067093067682034849 -0.0010159722547893929 -0.0035385604191445815 0.0037128013076597795 0.0011489214105789949 0.0001776442038062761 0.0016124030762908635 -0.00036368292392223141 0.0031726758612837694 0.00027674799819098157 -0.0016209831829385034 -0.00076844266144047448 0.00040753302567627964 0.00041260682270402826 0.0018025479088687854 0.00056970195161019303 -9.9672547089244056e-05 -0.0001431134537682575 -9.4441722786019623e-06 0.00030976721141954687
leaf_weight=358 226 2727 8257 942 431 290 1799 625 435 850 476 1118 10324 153993 6523 247 504 384 11794 6946 3439 1787 1460 308 1554 465 231 420 203 986 213 1085 3129 1013 1079 15329 769 3377 13088 4349 7380 1439 227 2917 214 326 2816 2669 409 7375 223 4615 467 11143 3112 4797 766 1363 8516 51207 214494 2364
leaf_count=358 226 2727 8257 942 431 290 1799 625 435 850 476 1118 10324 153993 6523 247 504 384 11794 6946 3439 1787 1460 308 1554 465 231 420 203 986 213 1085 3129 1013 1079 15329 769 3377 13088 4349 7380 1439 227 2917 214 326 2816 2669 409 7375 223 4615 467 11143 3112 4797 766 1363 8516 51207 214494 2364
internal_value=8.14357e-07 0.000602678 -4.53812e-05 0.000517719 0.000426629 0.00198379 0.00236434 0.00126812 0.000993135 0.000881708 0.00051383 0.000624153 -5.32441e-05 -0.000103227 -0.000242522 -0.000430686 -5.37707e-05 9.03138e-06 -0.000555177 -2.43667e-05 -4.88827e-06 -1.11722e-05 0.000789163 0.000594073 0.000512859 0.000570884 0.000832891 0.00140757 -0.00061687 0.00116777 0.00161584 0.00133234 0.000483549 0.000157038 0.00121821 -3.94095e-05 0.000122174 5.35867e-05 -1.55475e-06 -0.000227486 0.00059169 0.000426865 0.00109363 -0.000710683 -0.00118839 0.0019042 0.000952999 -0.00031975 0.00254401 -0.000630977 0.00156598 -4.06507e-05 -0.000250207 -0.000607243 -6.96004e-05 0.000711252 0.0022571 0.000997923 0.000127566 -9.58456e-05 3.97771e-06 8.1902e-06
internal_weight=592372 42226 550146 39779 35473 2447 2157 4306 4134 3364 32746 27417 546012 302900 109495 47964 5329 243112 36359 193405 234855 233011 1844 3142 23091 21537 2707 1463 3642 2749 1763 1550 18788 1244 4326 186459 29354 27222 229369 4825 15306 2514 1075 21896 3131 1155 3247 14463 735 18765 848 11605 6990 18518 157105 12177 992 2132 23845 61531 227582 3482
internal_count=592372 42226 550146 39779 35473 2447 2157 4306 4134 3364 32746 27417 546012 302900 109495 47964 5329 243112 36359 193405 234855 233011 1844 3142 23091 21537 2707 1463 3642 2749 1763 1550 18788 1244 4326 186459 29354 27222 229369 4825 15306 2514 1075 21896 3131 1155 3247 14463 735 18765 848 11605 6990 18518 157105 12177 992 2132 23845 61531 227582 3482
is_linear=0
shrinkage=0.05


Tree=7
num_leaves=63
num_cat=0
split_feature=0 25 28 28 28 0 25 30 18 0 28 0 25 17 21 0 21 25 25 25 28 28 28 28 18 20 27 27 25 17 17 18 17 0 21 28 18 0 17 24 26 30 0 30 0 17 28 18 31 28 18 18 0 25 26 28 18 23 17 0 18 27
split_gain=5.95526 1.77868 1.68607 1.36831 1.0257 0.816026 0.810737 0.851406 0.7963 0.811501 1.27033 1.19535 0.776967 0.704431 0.712879 0.686359 0.594453 0.555839 0.841611 0.544528 0.722084 0.696475 0.913424 0.524369 0.516704 0.514956 0.495994 0.486885 0.471422 0.460677 0.558219 0.571167 0.803567 0.534653 0.557866 0.458306 0.484178 0.444359 0.405022 0.398152 0.544237 0.418443 0.513043 0.510454 0.397356 0.390476 0.388503 0.374856 0.373694 0.371619 0.368905 0.380452 0.709795 0.528038 0.361687 0.356823 0.356721 0.352191 0.342072 0.341203 0.337144 0.497862
threshold=-148542.30125310973 -26.154327021383271 -0.07885667076927598 0.0076836218968625728 -1.0000000180025095e-35 -254266.32714715027 -29.62926142295056 7.8619544592030373 2.2491416918351024 -18377.442609921007 0.00095290499023939609 65791.516182601612 -29.702221684727864 2.2107426370426042 -0.7221107644417154 -285119.93646611692 0.27788923555828454 36.492932993871484 4.6937336582691893 4.1349573761753939 -0.014642378055443554 -1.0000000180025095e-35 0.00054988868978198349 -1.0000000180025095e-35 -0.4149890372732708 0.38794304287262033 0.009924229970766944 0.0071897906523318627 -28.776505456643218 -0.61027955095751707 2.5810575635876845 0.54202648244099039 -0.063198881789137559 -201774.00945916589 -0.34954751131221712 8.4703760292567868e-05 -0.21972005332317651 129780.06613251531 -0.17658115877930111 7.3976835367011136 -17.455382205328934 3.7843122489959842 -20995.077183785583 -6.2245693299513833 -68126.803730578118 -0.31469832251082247 -0.00032907831296580763 1.1346915676287497 -2.2383658008658007 0.00050900477461487037 -0.24133993148077659 -0.037698931051749263 139924.32851187943 7.6359906509944375 -8.5028655337560171 -0.0019267823302104199 -0.18016393442622949 0.92843665768194084 -0.51619644723093006 -64198.295249434559 -0.041219530049044696 0.0027006141653845841
decision_type=2 2 2 2 2 2 2 2 2 2 2 2 2 2 2 2 2 2 2 2 2 2 2 2 2 2 2 2 2 2 2 2 2 2 2 2 2 2 2 2 2 2 2 2 2 2 2 2 2 2 2 2 2 2 2 2 2 2 2 2 2 2
left_child=1 3 17 4 -1 13 7 46 9 19 11 55 26 14 -3 -6 24 18 39 21 48 25 56 -13 -7 -8 -9 -17 -25 -26 31 32 33 -31 49 -30 -37 -10 -36 40 -2 42 43 -42 -41 -12 58 -22 -21 -35 -47 60 -53 -54 -20 -11 -23 -34 -4 -58 -52 -62
right_child=2 5 6 -5 15 16 8 12 37 10 45 23 -14 -15 -16 27 -18 -19 54 20 47 22 -24 28 29 -27 -28 -29 35 30 -32 -33 57 34 38 36 -38 -39 -40 44 41 -43 -44 -45 -46 50 -48 -49 -50 -51 51 52 53 -55 -56 -57 59 -59 -60 -61 61 -63
leaf_value=-0.00032222425671991195 0.0021745243779899008 -0.00013233576656308205 -0.0014466259022262694 -0.0005074482394711266 0.0031492632675471834 0.001855337697824669 -0.00033072205958738183 0.00048843488525335222 0.00049593266895520116 8.5391344669228999e-05 -0.00017173089286339852 -0.00013612482634922768 0.0027061019208318056 -0.00062910994947072295 0.001825990503730556 0.0014097783127646254 0.0015816743358573447 -0.0015159743757773637 0.0039651136134496272 0.00079316905757368804 7.74122204363877e-05 -0.00021191321513568952 -9.7823270968581464e-05 -0.0019425973533621962 -0.0002030540929317229 -0.0019542926988909133 -0.0016224547048720222 0.0032815378749204375 -0.00076532342122326866 0.0017878773092444009 -0.00088109945137361144 0.0010268295176753177 -5.2620102032061884e-05 0.0035769704926718517 -8.8223195434749383e-05 -0.00106697769500609 -0.00027719984124677152 0.0021862687190250872 0.0010362207070807661 0.0031229229064468939 0.00051644906302782286 0.0011723501618077293 -0.0027072492444084307 -0.0022781951047091695 0.00053845664269700465 0.00046063156418136219 9.5622338593216927e-05 -0.00068052219404419816 -0.00057312566014178906 0.00077012587393526268 -6.7544579343332411e-05 -2.4566777673065879e-05 0.0006608324896307502 -9.2829153261884468e-05 0.001712235187668379 -0.00019413957303641866 0.0004508857364573331 0.0019778877748686768 -0.0002247963241451401 9.1084306402097647e-05 -0.00074512838600937308 0.00078020184244701613
leaf_weight=679 282 577 667 938 744 512 14034 11806 1657 14872 44045 8839 390 475 2388 5260 919 215 206 4930 80662 4211 95902 615 4505 506 285 372 13364 1059 859 3204 8589 230 2278 2221 15371 508 1235 257 691 404 249 214 353 4215 25976 1665 557 242 8620 101524 6941 3494 1318 49135 14165 219 4058 12320 4741 603
leaf_count=679 282 577 667 938 744 512 14034 11806 1657 14872 44045 8839 390 475 2388 5260 919 215 206 4930 80662 4211 95902 615 4505 506 285 372 13364 1059 859 3204 8589 230 2278 2221 15371 508 1235 257 691 404 249 214 353 4215 25976 1665 557 242 8620 101524 6941 3494 1318 49135 14165 219 4058 12320 4741 603
internal_value=7.73639e-07 0.000630709 -3.91243e-05 0.00128668 0.00152522 0.000438588 -4.66957e-05 0.000161322 -6.43185e-05 -6.84001e-05 -0.000125713 -0.00026361 0.00050953 0.00115851 0.00144489 0.00172196 0.000334754 0.000960216 0.00109418 1.34161e-06 9.90986e-05 -5.94814e-05 -2.18397e-05 -0.000476523 0.000284784 -0.000387223 0.000438679 0.00153341 -0.000571825 0.000248918 0.000362573 0.000425209 0.000286053 0.000789293 0.000523923 -0.000544592 -0.00037691 0.000892557 0.000307077 0.000520302 0.0001533 -0.000212544 -0.000697377 -0.000144384 0.00162732 -4.30488e-05 1.97636e-05 6.20836e-05 0.000654473 0.00213787 5.034e-07 -1.48984e-05 1.57949e-05 0.00040848 0.00201676 -0.000129191 0.000215552 -2.13404e-06 -0.000397275 0.000283517 -0.000260987 -0.000573015
internal_weight=592372 35284 557088 7993 7055 27291 552899 43182 509717 507552 278600 104417 12481 3440 2965 6376 23851 4189 3974 228952 87814 141138 126598 40410 22932 14540 12091 5632 31571 22420 17915 17056 13852 5044 3985 30956 17592 2165 3513 2450 1840 1558 1154 905 610 174183 30701 82327 5487 472 130138 125923 111959 10435 1524 64007 30696 8808 4725 26485 13964 5344
internal_count=592372 35284 557088 7993 7055 27291 552899 43182 509717 507552 278600 104417 12481 3440 2965 6376 23851 4189 3974 228952 87814 141138 126598 40410 22932 14540 12091 5632 31571 22420 17915 17056 13852 5044 3985 30956 17592 2165 3513 2450 1840 1558 1154 905 610 174183 30701 82327 5487 472 130138 125923 111959 10435 1524 64007 30696 8808 4725 26485 13964 5344
is_linear=0
shrinkage=0.05


Tree=8
num_leaves=63
num_cat=0
split_feature=0 25 28 28 0 0 25 25 28 17 21 25 29 25 17 0 28 0 21 17 28 25 28 28 28 21 25 28 21 17 31 17 21 0 21 17 28 25 21 21 21 25 28 31 24 28 21 0 21 17 28 21 21 0 29 28 0 28 28 21 17 17
split_gain=5.39806 1.8789 1.46196 1.33184 0.920262 0.83358 0.666375 0.766544 0.664087 0.635749 0.643373 0.58071 0.802358 1.12862 0.705837 0.701325 1.18296 1.05454 0.573228 0.476045 0.471966 0.460561 0.523567 0.773743 0.475472 0.432949 0.420131 0.417916 0.412113 0.397087 0.369564 0.364142 0.40859 0.494926 0.400583 0.358678 0.354023 0.339041 0.33212 0.329724 0.320934 0.31664 0.30708 0.30561 0.308306 0.304323 0.296598 0.280877 0.382684 0.376456 0.280635 0.276181 0.27283 0.267163 0.267068 0.265633 0.27699 0.265335 0.260372 0.305294 0.382146 0.304964
threshold=-136942.80643730631 -26.154327021383271 -0.060398460053816799 0.0076836218968625728 -254266.32714715027 -254266.32714715027 4.3051353414155793 28.190497096274921 -1.0000000180025095e-35 2.2107426370426042 -0.7221107644417154 -29.62926142295056 2.984803067270827 -29.702221684727864 3.1080945558739259 -19726.507764592254 0.00095290499023939609 63859.307392294642 0.27788923555828454 -0.63185164985001341 -1.0000000180025095e-35 4.1349573761753939 -1.0000000180025095e-35 0.00030038039140412742 -0.014642378055443554 0.24177650429799438 -28.776505456643218 7.6461199091547974e-05 -0.53111111111111098 0.11924849621123347 -4.9795135248479756 2.5810575635876845 -0.7221107644417154 -201774.00945916589 -0.27200069632178253 -0.31950026633092826 -0.114509859484956 -29.702221684727864 0.2754971720488964 -0.27258158508158498 -0.73346560846560827 -3.736513530900115 -0.00068555695588512391 -5.0164779288829129 1.162948708686095 0.0017697846072866053 -0.033771225817352361 55362.430220105023 1.0000000180025095e-35 1.368403843251673 -0.00032907831296580763 0.43689320388349512 0.1438923395445135 97672.126434514023 -3.6182047669367141 0.00043966864324653025 -87611.17896758244 0.0012273246803964062 -0.00068555695588512391 -0.53111111111111098 -1.6592947477093813 -1.6592947477093813
decision_type=2 2 2 2 2 2 2 2 2 2 2 2 2 2 2 2 2 2 2 2 2 2 2 2 2 2 2 2 2 2 2 2 2 2 2 2 2 2 2 2 2 2 2 2 2 2 2 2 2 2 2 2 2 2 2 2 2 2 2 2 2 2
left_child=1 3 6 4 29 9 19 36 39 10 -3 12 30 -14 15 21 17 58 31 -2 -19 22 41 -24 54 -16 -22 -28 -29 -1 43 32 40 -34 -35 -18 -8 -10 -39 -6 45 -13 -36 -4 -45 -7 -44 -37 -49 -50 -32 -26 -41 -27 -23 56 -52 -25 -17 60 -60 -61
right_child=2 5 11 -5 8 18 7 -9 37 -11 -12 14 13 -15 25 16 35 20 -20 -21 26 24 23 57 51 53 27 28 -30 -31 50 -33 33 34 42 47 -38 38 -40 52 -42 -43 46 44 -46 -47 -48 48 49 -51 55 -53 -54 -55 -56 -57 -58 -59 59 61 -62 -63
leaf_value=0.0012623664013767732 0.001777648710775479 -0.00012571898505437282 0.0001623184950661427 -0.0004649413984212197 0.0015002047157948888 0.0019241692930937479 0.0027950618111661236 -0.00043298801040908162 0.001649216644501457 -0.00059765445347109475 0.0017346909752324466 -0.00049034146048172397 0.00039958306072139179 0.0035470363841129367 -4.251570853965484e-05 4.444883018166406e-05 -0.00016604961953314227 -0.00012832068126211312 0.001342197439856199 2.7239565369583704e-05 -0.0018270368381025132 -0.00019562339448292725 0.0002386247080744022 -2.0338426404199403e-06 3.7023086812445403e-05 0.00083284612402734215 -0.00072745420131510672 -0.0010217073149511719 -0.00027419756996205618 0.0032757256768239599 -0.00057353603206757627 -0.00075396681318280474 0.00077343904395166404 0.0010307915663305656 -0.00054578851634184001 -5.0367218693995531e-05 0.0013366496597502664 0.00041010305020077993 0.0015213899818570702 -0.0014006355813910459 -0.00048450196016300767 7.0362120621052441e-05 -0.00042433783369752654 0.0020032520735628998 -0.00030165776566172157 -0.00057671032394038583 0.00028769397509916808 0.0001845591132157243 -0.0002846630036898556 0.00085174432741831662 0.00096130179568883537 0.00041299283566633923 0.0008091575227327293 0.0022759958553543029 0.00076726750989697216 -0.00017545321306672789 4.9027493767494363e-05 -0.00016624135783888591 0.00044589739412022463 -0.0020328373497224823 -0.00098859639042816918 -0.00014517797128040265
leaf_weight=349 446 577 9616 1115 230 295 547 525 3740 475 2388 10258 11582 292 885 16495 43761 8871 1212 3009 622 891 22565 48119 73365 850 13351 2081 16179 821 3086 907 5079 1400 1447 91121 1739 1480 1232 443 2683 3337 1629 455 213 207 14313 33042 8184 800 1108 5233 204 515 3755 12130 3341 50334 586 215 2235 44407
leaf_count=349 446 577 9616 1115 230 295 547 525 3740 475 2388 10258 11582 292 885 16495 43761 8871 1212 3009 622 891 22565 48119 73365 850 13351 2081 16179 821 3086 907 5079 1400 1447 91121 1739 1480 1232 443 2683 3337 1629 455 213 207 14313 33042 8184 800 1108 5233 204 515 3755 12130 3341 50334 586 215 2235 44407
internal_value=7.34957e-07 0.000545539 -4.10811e-05 0.00115982 0.00137298 0.000364449 0.000718291 0.00128994 0.0011651 0.00110059 0.00137265 -4.98297e-05 0.000129176 0.000476984 -6.47415e-05 -6.87192e-05 -0.000120782 -0.000253693 0.000277643 0.000253197 -0.00045128 -1.33958e-06 -5.85086e-05 -2.54581e-05 9.11078e-05 0.000818858 -0.000540163 -0.000514842 -0.000359387 0.00267516 -8.72066e-06 0.000231497 0.000264536 0.000335519 0.000217141 -4.18641e-05 0.00168562 0.00134057 0.000914935 -0.000125845 -0.0002674 -0.000352712 0.000151634 0.000234158 0.0012683 0.00089293 0.000214936 -1.04843e-06 0.000105885 -0.000183469 -0.000135736 6.20549e-05 -0.000703885 0.00137733 0.000582606 -5.42448e-05 0.000276225 -8.59848e-05 -0.00012667 -0.000186164 -0.000690612 -0.000154273
internal_weight=592372 42226 550146 9614 8499 32612 6266 2811 7329 3440 2965 543880 41823 11874 502057 499807 281950 105042 29172 3455 41104 217857 134613 121018 83244 2250 32233 31611 18260 1170 29949 27960 27053 23868 18789 176908 2286 6452 2712 877 3185 13595 17389 10284 668 502 15942 133147 42026 8984 19665 78598 647 1365 4646 16579 4449 98453 63938 47443 2821 44622
internal_count=592372 42226 550146 9614 8499 32612 6266 2811 7329 3440 2965 543880 41823 11874 502057 499807 281950 105042 29172 3455 41104 217857 134613 121018 83244 2250 32233 31611 18260 1170 29949 27960 27053 23868 18789 176908 2286 6452 2712 877 3185 13595 17389 10284 668 502 15942 133147 42026 8984 19665 78598 647 1365 4646 16579 4449 98453 63938 47443 2821 44622
is_linear=0
shrinkage=0.05


Tree=9
num_leaves=63
num_cat=0
split_feature=0 25 28 28 0 0 22 25 25 21 17 21 28 18 18 28 27 27 17 22 22 25 27 17 17 28 18 22 22 0 17 28 0 22 27 27 21 21 0 28 28 17 21 22 17 21 19 0 25 28 28 23 23 25 27 22 18 18 17 22 17 17
split_gain=4.87686 1.67716 1.30883 1.24648 0.862534 0.76596 0.734889 0.750175 0.781119 0.688763 0.573764 0.580644 0.567262 0.559321 0.754876 0.547497 0.586992 0.544441 0.515407 0.502986 0.538081 0.485611 1.38839 0.673259 0.895714 0.484883 0.480606 0.563707 0.575603 0.456836 0.642106 0.451334 0.646319 0.430758 0.429596 0.417375 0.442521 0.645892 0.60797 0.504561 0.401353 0.394202 0.387584 0.442866 0.382973 0.379133 0.376719 0.366202 0.46891 0.553924 0.500539 0.467071 1.03891 0.464494 0.466342 0.425689 0.38916 0.378178 0.358371 0.355029 0.337012 0.360266
threshold=-133469.44675318242 -26.154327021383271 0.0076836218968625728 -0.049398034088695281 -254266.32714715027 -254266.32714715027 -0.4783177570093457 5.6562991909223586 27.68123612122552 0.44066882416396996 2.2107426370426042 -0.7221107644417154 -0.114509859484956 2.2491416918351024 1.6279619275825346 -0.00032907831296580763 0.0071897906523318627 -0.0010355121724878859 3.187261222540593 0.99680511182108644 -0.84572885677858045 -22.78998083901136 0.011544910959419698 -1.0000000180025095e-35 0.24512759771723916 -1.0000000180025095e-35 -0.26731148221138884 -0.11640394941971242 -1.126381733021077 -201774.00945916589 -0.065282215122470774 0.0023317333564724838 46983.249613282176 0.3012001548586915 0.00036260426960707401 0.0009374526597892757 0.27826099406538801 0.2754971720488964 58475.401101875439 0.0070607194213578332 -1.0000000180025095e-35 3.1080945558739259 -0.7073149236192714 0.71351809954751133 0.1584261942461089 -0.60892100388255876 -1.0000000180025095e-35 -31891.315299179314 0.67102031542033569 -1.0000000180025095e-35 0.00082694518620565684 -0.059007970618113616 -0.071294810058854977 33.079872719711965 0.00011100421751650205 -0.4783177570093457 -1.0000000180025095e-35 -0.2466216216216216 0.11924849621123347 -0.037523584241502698 -0.11398963730569946 -0.12264861966884487
decision_type=2 2 2 2 2 2 2 2 2 2 2 2 2 2 2 2 2 2 2 2 2 2 2 2 2 2 2 2 2 2 2 2 2 2 2 2 2 2 2 2 2 2 2 2 2 2 2 2 2 2 2 2 2 2 2 2 2 2 2 2 2 2
left_child=1 2 4 6 58 10 -2 33 12 19 11 -3 -9 14 17 16 -6 31 -15 20 46 22 25 -24 -25 60 27 28 -23 30 59 32 -5 -8 -17 -27 37 39 -38 -37 -34 44 -33 -44 -32 -29 -7 48 49 -28 -51 52 -49 54 -54 -50 -52 -53 -1 -22 61 -19
right_child=3 5 -4 13 15 9 7 8 -10 -11 -12 -13 -14 18 -16 34 -18 21 -20 -21 29 26 23 24 -26 35 47 45 -30 -31 41 42 40 -35 -36 36 38 -39 -40 -41 -42 -43 43 -45 -46 -47 -48 51 55 50 56 57 53 -55 -56 -57 -58 -59 -60 -61 -62 -63
leaf_value=0.0011992480766559995 0.0014209602992372233 -0.00011943301833273566 -0.00050666553118349227 -0.00012569907995051377 -0.0009189018801326939 0.0011557042524318404 -0.00042971898946566472 0.0035383561840832741 -0.00068903382590651476 0.0022487971292196084 -0.00056777172609949239 0.0016479564232075436 0.0011132878238966394 0.0012011014076196485 -0.00063717285489465168 0.00088872356241345761 0.0017585622410557162 -0.00043707274827227703 -0.00057807157409800935 -0.00060136119701079127 0.0012422284728244228 7.8294100251262918e-05 -7.5774325189547094e-05 -0.0052778029598651785 -0.0010442287826123761 0.00012954287581840637 -0.00046716935399047178 -0.0006008928625339773 -0.00096759791507548864 0.00026065787724825101 -0.00050176686464335448 -0.00059679090531437233 0.00032252506348856 0.00077247623267021081 0.0016877246240684946 0.00053680932270720033 8.2238364138998937e-05 0.0015104762570847419 -0.0029520052976028926 -0.0006156662544566057 -0.00052605499533231947 -0.0013439427506933132 -6.6940822082072778e-05 0.00028890875859673978 0.00087513313844355322 1.0334731457212567e-05 -0.00044722384403642458 -0.00012052569538081013 0.00045063841455420098 0.00028901581019412126 0.00025874043705945615 0.0010966616709288111 -0.00051444463854490952 0.00089365386428107748 -0.0021960035970183321 9.1930670528402763e-05 -0.00014354379034053381 -4.7724621317463698e-05 0.0031119393831455073 0.0030779050821759697 6.6348380004286131e-05 -0.002532400325739714
leaf_weight=349 1939 577 1164 56586 631 411 2898 284 533 429 475 2388 1598 1617 5470 3822 303 3038 544 1712 1206 1869 305 238 263 28918 6670 3117 4442 20305 644 3107 1511 1003 3005 9054 848 1555 205 1061 17906 293 81925 9788 2340 13635 3389 7009 10689 12773 7353 725 615 200 1251 36560 32958 170135 821 337 5356 220
leaf_count=349 1939 577 1164 56586 631 411 2898 284 533 429 475 2388 1598 1617 5470 3822 303 3038 544 1712 1206 1869 305 238 263 28918 6670 3117 4442 20305 644 3107 1511 1003 3005 9054 848 1555 205 1061 17906 293 81925 9788 2340 13635 3389 7009 10689 12773 7353 725 615 200 1251 36560 32958 170135 821 337 5356 220
internal_value=6.9821e-07 0.000503469 0.00107033 -4.02388e-05 0.00127587 0.000337629 0.000569519 0.000308129 0.00100069 0.000259238 0.00104556 0.00130402 0.00147924 -4.95685e-05 -5.2797e-05 0.00108508 -5.03027e-05 -4.67871e-05 0.000753221 0.000231379 0.000280667 -1.1992e-05 0.000130884 -0.00192787 -0.00305539 0.000163903 -3.55255e-05 -0.000255119 -0.000657857 0.000364535 0.000802133 -0.000120332 -0.00021111 -0.000120618 0.00124042 0.000234541 0.000473192 0.000561769 -0.000508474 0.000415922 -0.00046002 0.000406133 -4.75693e-05 -2.8963e-05 0.000577974 -0.000103395 -0.000273855 -1.78754e-05 5.53727e-05 -3.77016e-05 1.6261e-05 -6.14342e-05 -0.000410977 -0.00139635 -0.00164179 0.00017308 -7.01644e-05 -4.28687e-05 0.0025414 0.00164315 -0.000177571 -0.000578562
internal_weight=592372 44601 10095 547771 8931 34506 8255 6316 2415 31066 3440 2965 1882 539516 537355 7761 934 531885 2161 30637 28925 361062 51061 806 501 50255 310001 23063 6311 25125 4820 170823 76003 3901 6827 41641 12723 11670 1053 10115 19417 3277 94820 91713 2984 16752 3800 286938 107003 59754 53084 179935 9075 2066 1866 47249 40311 170860 1170 1543 8614 3258
internal_count=592372 44601 10095 547771 8931 34506 8255 6316 2415 31066 3440 2965 1882 539516 537355 7761 934 531885 2161 30637 28925 361062 51061 806 501 50255 310001 23063 6311 25125 4820 170823 76003 3901 6827 41641 12723 11670 1053 10115 19417 3277 94820 91713 2984 16752 3800 286938 107003 59754 53084 179935 9075 2066 1866 47249 40311 170860 1170 1543 8614 3258
is_linear=0
shrinkage=0.05


Tree=10
num_leaves=63
num_cat=0
split_feature=0 25 28 28 22 0 0 25 29 25 18 18 0 28 0 28 22 25 21 21 28 22 29 25 17 28 30 25 24 18 21 22 0 24 28 25 17 28 28 25 25 25 22 21 29 17 18 28 17 21 26 24 29 26 17 17 26 21 18 18 0 25
split_gain=4.48048 1.39782 1.29464 0.974056 0.670979 0.658392 0.579474 0.567671 0.759765 1.13582 0.625518 0.626379 0.555882 0.944806 0.848221 0.536575 0.521235 0.497523 0.495232 0.6927 0.467152 0.450919 0.450617 0.56548 0.496924 0.431671 0.42024 0.401822 0.398519 0.396278 0.388986 0.561125 0.416755 0.391268 0.367507 0.366017 0.362238 0.361165 0.507549 0.745615 0.399459 0.345611 0.342536 0.357496 0.333637 0.330181 0.328935 0.452236 0.328307 0.32802 0.37171 0.355941 0.323303 0.541461 0.317299 0.446438 0.317049 0.31255 0.323001 0.348194 0.577372 0.480678
threshold=-144548.7345976673 -26.154327021383271 -0.07885667076927598 0.010237993928322007 -0.4783177570093457 -254266.32714715027 -254266.32714715027 -29.62926142295056 2.984803067270827 -29.702221684727864 2.2491416918351024 1.6279619275825346 -19726.507764592254 0.00085270520401168638 76064.896476302602 -0.00032907831296580763 -0.84572885677858045 7.6359906509944375 -0.72024197166384452 0.24177650429799438 -0.041613802055706368 -0.27534127214638388 -3.7766770533247098 5.6562991909223586 0.37884436160298246 -1.0000000180025095e-35 -37.962732919254655 14.227123724787392 -9.8536758612449002 -1.2141563146997929 0.44066882416396996 0.92085844863882549 -192810.49368520928 11.244376923579653 0.031075590320003937 -28.776505456643218 3.187261222540593 0.0012273246803964062 -1.0000000180025095e-35 -3.736513530900115 -5.462453416130681 -1.635522930250694 0.76043478260869557 0.27900850714686715 -2.6111204038806601 -0.31950026633092826 -0.21972005332317651 3.7992677255321856e-05 0.18571428571428564 0.24177650429799438 -0.14966895699756219 -36.532028409948815 -1.0734953703703698 15.655882819899078 -0.12264861966884487 -0.065282215122470774 -2.1173981665542896 0.70873100035348191 -0.24133993148077659 -0.037698931051749263 139924.32851187943 7.6359906509944375
decision_type=2 2 2 2 2 2 2 2 2 2 2 2 2 2 2 2 2 2 2 2 2 2 2 2 2 2 2 2 2 2 2 2 2 2 2 2 2 2 2 2 2 2 2 2 2 2 2 2 2 2 2 2 2 2 2 2 2 2 2 2 2 2
left_child=1 3 4 5 41 28 18 8 34 21 11 12 17 14 -14 48 -8 37 -3 -20 -19 -10 -6 -24 27 -16 -18 -25 -1 -28 31 32 49 -34 44 -27 -12 38 39 -9 -40 -2 43 -23 -4 -15 -37 -48 -7 50 51 -31 -46 -54 56 -56 -17 58 -47 -60 -61 -62
right_child=2 6 7 -5 22 15 16 10 9 -11 36 -13 13 45 25 54 26 20 19 -21 -22 42 23 24 -26 35 29 -29 -30 30 -32 -33 33 -35 -36 46 -38 -39 40 -41 -42 -43 -44 -45 52 57 47 -49 -50 -51 -52 -53 53 -55 55 -57 -58 -59 59 60 61 -63
leaf_value=0.0031698922709714758 0.0038285660444491425 -0.0002264883818320335 0.0002247389739406778 -0.00051496245203653819 -0.00096676562374261351 0.00045679430255802112 -0.00029352251792400495 -0.00048130920940947373 0.0015454754869822613 0.0034793562551641158 0.0011342743878790501 -0.00059158150494619845 -0.00012127427180317478 -0.00015091856138255507 -9.9348338775111328e-05 0.002521683295847797 -0.00030311235592513888 0.00097445998378531482 0.0016400953327991585 -0.00041044625374758162 9.364421743559187e-05 0.00028740144563494432 0.00023312968889435356 0.0039775522581684142 -0.00016704931254081867 -0.0018305689656775332 0.0018846470231108409 0.0014532172403441054 0.0013246366641653281 -6.2634405535877337e-05 0.0024414702075867762 -0.00046778802639242678 0.00010852910902617968 0.00069546369667780735 -0.0019890566441798634 -0.00098662436022048058 -0.00046265917794628166 -0.00014664516722932668 0.00021529369734692248 0.00024414699408575842 -2.2067402310706871e-05 0.0015073711438667733 0.0012995686517305147 -0.0012943532191145718 -0.00028228376062553617 0.00041027745684404921 -0.00075274805155627989 -0.00027409174153619179 -0.001931647567268417 0.0001026540950376183 0.00050676276510138016 0.0017429288568518735 3.7523190272450207e-05 0.0018836720134327248 -0.00055578290776925842 0.0011671474895577438 0.0011564531199592977 0.000479170253578903 -0.00025585956767800317 -2.7842858917062669e-05 0.00059989838894340794 -0.00011714768886271533
leaf_weight=661 202 692 11855 849 455 494 3415 10718 791 306 1684 5488 66548 44552 7620 807 2099 1538 2273 503 70840 9616 1852 266 243 528 464 387 525 318 232 1766 8184 4348 230 3058 450 56749 28665 5290 46445 778 807 371 11326 4497 7399 14816 203 1142 1698 1927 7016 421 419 3662 899 3402 14032 103190 7015 3505
leaf_count=661 202 692 11855 849 455 494 3415 10718 791 306 1684 5488 66548 44552 7620 807 2099 1538 2273 503 70840 9616 1852 266 243 528 464 387 525 318 232 1766 8184 4348 230 3058 450 56749 28665 5290 46445 778 807 371 11326 4497 7399 14816 203 1142 1698 1927 7016 421 419 3662 899 3402 14032 103190 7015 3505
internal_value=4.46667e-07 0.000528801 -3.53323e-05 0.00109202 0.000840979 0.0012699 0.000363698 -4.19877e-05 0.000133024 0.000472572 -5.67109e-05 -6.03143e-05 -5.44879e-05 -0.000101213 -0.000224487 0.00107178 0.000281509 4.94834e-06 0.000970228 0.00126855 0.000112361 0.000393152 0.000490699 0.000732019 0.0017632 -0.000430005 0.000370054 0.00248151 0.00235306 0.000440424 0.000406261 0.000381901 0.000467077 0.000312167 2.13759e-06 -0.00052766 0.000797526 -4.76281e-05 1.40405e-05 -0.000241575 6.85191e-05 0.00198582 0.000308708 0.000228642 1.70953e-05 -3.28215e-05 -0.00050044 -0.000433515 -0.000238835 0.000848854 0.00106497 0.00148717 -0.0001141 0.000142032 0.00122963 0.000990253 0.00180226 5.96806e-06 -6.20561e-06 -2.08674e-05 8.13103e-06 0.000360997
internal_weight=592531 37580 554951 8519 4183 7670 29061 550768 42739 11891 508029 505895 500407 280162 99969 6484 25593 220245 3468 2776 72378 11585 3203 2748 896 33421 22178 653 1186 20079 19615 19383 17617 12532 30848 25801 2134 147867 91118 16008 75110 980 10794 9987 30618 180193 25273 22215 697 5085 3943 2245 18763 7437 5787 4081 1706 135641 132239 127742 113710 10520
internal_count=592531 37580 554951 8519 4183 7670 29061 550768 42739 11891 508029 505895 500407 280162 99969 6484 25593 220245 3468 2776 72378 11585 3203 2748 896 33421 22178 653 1186 20079 19615 19383 17617 12532 30848 25801 2134 147867 91118 16008 75110 980 10794 9987 30618 180193 25273 22215 697 5085 3943 2245 18763 7437 5787 4081 1706 135641 132239 127742 113710 10520
is_linear=0
shrinkage=0.05


Tree=11
num_leaves=63
num_cat=0
split_feature=0 25 28 28 0 0 17 21 22 17 21 28 25 29 25 0 28 0 21 22 25 20 28 0 25 25 18 28 22 17 22 25 22 17 25 17 31 28 25 28 0 17 18 30 17 22 23 25 25 28 18 19 22 21 17 17 18 21 21 0 21 20
split_gain=4.05615 1.36515 1.0465 1.02601 0.652737 0.612906 0.706338 0.787877 0.536213 0.491397 0.485921 0.47305 0.460636 0.70179 1.01036 0.499759 0.940563 0.823829 0.42161 0.414326 0.413364 0.48643 0.39921 0.398845 0.371702 0.722657 0.360819 0.385677 0.359954 0.356987 0.354146 0.354105 0.340691 0.339929 0.338219 0.583606 0.320848 0.312102 0.691726 0.364848 0.350434 0.307682 0.306847 0.382882 0.323299 0.68092 0.372256 0.304887 0.30446 0.303537 0.379121 0.297737 0.294789 0.408187 0.283981 0.340105 0.332097 0.288001 0.28336 0.277282 0.599409 0.276047
threshold=-133469.44675318242 -26.154327021383271 0.010237993928322007 -0.07885667076927598 -254266.32714715027 -212245.57563070627 2.5810575635876845 -0.7221107644417154 -0.4783177570093457 3.1080945558739259 0.44066882416396996 -0.00032907831296580763 -29.62926142295056 2.984803067270827 -29.702221684727864 -19726.507764592254 0.00095290499023939609 73920.072213307794 0.24177650429799438 -0.26002808393387017 12.550374928217989 0.28976435935198813 -1.0000000180025095e-35 -285119.93646611692 32.033993560307714 5.0691747706236159 -0.226111520510931 0.00058242550673538545 0.3012001548586915 0.11924849621123347 -0.86131424787146715 -29.702221684727864 -0.097982216142270859 0.37884436160298246 -31.649285866441581 -0.076910748272062776 -4.4423927465723123 -1.0000000180025095e-35 -3.736513530900115 -0.03550628991008839 -63231.591784630124 3.187261222540593 0.46769509981851187 -22.841382301908613 -0.049816986165395309 -0.079247853070650201 0.92870518994114515 14.227123724787392 -28.776505456643218 7.6461199091547974e-05 -0.21972005332317651 -1.0000000180025095e-35 0.5192592592592592 0.27900850714686715 -0.31469832251082247 -0.27091788273896888 -0.24133993148077659 0.70873100035348191 -0.27258158508158498 139924.32851187943 0.27641208216778296 0.703809523809524
decision_type=2 2 2 2 2 2 2 2 2 2 2 2 2 2 2 2 2 2 2 2 2 2 2 2 2 2 2 2 2 2 2 2 2 2 2 2 2 2 2 2 2 2 2 2 2 2 2 2 2 2 2 2 2 2 2 2 2 2 2 2 2 2
left_child=1 2 4 8 29 6 7 -3 -2 12 30 58 13 36 19 20 17 -17 -11 -15 21 26 -19 -9 25 28 -14 37 34 -1 51 -13 -33 47 35 -10 -5 38 -28 -40 -39 -8 44 -44 45 -32 -46 -27 -24 -50 -51 -7 53 -21 -18 -56 -57 59 -6 -58 -61 -23
right_child=3 5 -4 9 11 10 41 23 24 18 -12 31 15 14 -16 16 54 22 -20 52 -22 61 48 -25 -26 33 27 -29 -30 -31 42 32 -34 -35 -36 -37 -38 40 39 -41 -42 -43 43 -45 46 -47 -48 -49 49 50 -52 -53 -54 -55 55 56 57 -59 -60 60 -62 -63
leaf_value=0.00091615960938633582 0.0017801222146348811 -0.00016544561801313694 -0.00055416060667049731 0.00019975470798512998 0.0014288568080817827 0.0009394364405366384 -0.0012611140820111327 0.0019121855293380648 0.00025144617355353423 -0.00013338136560141762 0.0020123786801071178 0.0014212072391071207 -0.00031991346521022723 0.0014392609976712491 0.003290443489724338 -0.00011865978874779607 -0.00014132478230529294 -9.9466745944920239e-05 0.0012480896252501465 0.00024361969337097363 0.00011542373650950895 -0.00086893042775632663 -0.0016542874985926545 0.00087922745671356172 -0.0015884083382157117 0.0037355114698278007 -0.00035642873726371947 -6.5480110657257029e-05 0.0012667450820298078 0.0028058106810705079 1.7017327672348266e-05 0.0015525369698895267 0.00035132054490777539 0.00024310402047221275 0.00017776093478455315 -0.0033205122390359909 -0.00014047694687136929 0.00036173711431771778 0.0011632572777771778 0.000151331386733321 2.9488042047665364e-05 0.0009851961192916816 8.8156250436121088e-05 0.00109572253079848 -9.2802666815852613e-05 0.00093110761697190458 0.001958727058342801 0.0014663528178955364 -0.00066572327502928722 -0.00097074688444984028 -0.00024394237185702104 -0.00065374259697729108 0.00096148041475822138 -0.0015418515859296239 0.00061632419407813292 0.00043078714570672161 -5.8502015491309641e-05 0.00046400805822434599 -0.00058024000304884935 0.00033159729338435033 -0.00059551883950176841 4.1970278454268222e-05
leaf_weight=358 966 1640 1011 10966 234 343 631 1137 243 929 359 4048 9978 833 303 68913 44780 8042 1362 8935 55617 2736 558 5247 212 261 9219 99384 489 828 5356 828 2056 246 1141 216 18824 16140 1044 6068 15614 201 1751 2043 10238 3288 226 342 12024 2051 14333 2022 1386 332 2232 4208 109779 2991 702 11021 2071 1195
leaf_count=358 966 1640 1011 10966 234 343 631 1137 243 929 359 4048 9978 833 303 68913 44780 8042 1362 8935 55617 2736 558 5247 212 261 9219 99384 489 828 5356 828 2056 246 1141 216 18824 16140 1044 6068 15614 201 1751 2043 10238 3288 226 342 12024 2051 14333 2022 1386 332 2232 4208 109779 2991 702 11021 2071 1195
internal_value=4.24335e-07 0.000459248 0.000971567 -3.68746e-05 0.00114194 0.000309707 0.000668292 0.00081208 0.000749576 -4.28265e-05 0.000185784 0.000977108 -4.59176e-05 0.000113989 0.000440527 -5.92152e-05 -0.000102987 -0.000220847 0.000687903 0.000365346 -2.12826e-06 -4.26412e-05 -0.00041113 0.0010632 0.000433542 0.000579441 -2.89247e-05 -9.2359e-06 7.95282e-05 0.00223541 0.000159832 0.00111957 0.000696191 0.0018095 -0.000283315 -0.00142948 -1.52342e-05 0.000107012 -7.0614e-05 0.000299876 0.000198364 -0.000718436 0.000219986 0.000630712 0.000138433 0.000364718 -4.8494e-05 0.00244853 -0.000497659 -0.00047494 -0.000334926 -0.000422681 0.000281372 0.000179653 -3.24898e-05 4.34731e-06 -6.15421e-06 -2.07627e-05 -7.79658e-05 -3.25632e-05 0.000184938 -0.000592022
internal_weight=592531 44547 10065 547984 9054 34482 8856 8024 4116 543868 25626 7868 541577 41579 11789 499998 283003 105921 2291 11486 216995 161378 37008 6384 3150 2938 157447 147469 2089 1186 25267 6932 2884 849 1600 459 29790 48085 16331 7112 31754 832 22902 3794 19108 8644 10464 603 28966 28408 16384 2365 10653 9267 177082 132302 130070 125862 936 122871 13092 3931
internal_count=592531 44547 10065 547984 9054 34482 8856 8024 4116 543868 25626 7868 541577 41579 11789 499998 283003 105921 2291 11486 216995 161378 37008 6384 3150 2938 157447 147469 2089 1186 25267 6932 2884 849 1600 459 29790 48085 16331 7112 31754 832 22902 3794 19108 8644 10464 603 28966 28408 16384 2365 10653 9267 177082 132302 130070 125862 936 122871 13092 3931
is_linear=0
shrinkage=0.05


Tree=12
num_leaves=63
num_cat=0
split_feature=25 28 25 17 28 27 28 27 22 31 22 22 22 22 22 22 22 27 22 20 24 26 29 17 17 22 27 17 22 22 27 24 26 28 28 20 22 31 29 22 26 28 22 26 31 22 22 24 28 17 20 17 22 22 17 22 24 17 17 25 22 22
split_gain=1.51436 1.07436 0.904225 0.620979 0.56471 0.995 0.741848 0.637835 0.513684 0.482919 0.477332 1.0521 0.442038 0.831675 0.418933 0.413608 0.450466 0.488604 0.422964 0.376409 0.369591 0.541399 0.355191 0.348039 0.6193 0.32966 0.326743 0.382045 0.430312 0.323725 0.492983 0.320957 0.389766 0.31285 0.30255 0.298137 0.282746 0.302347 0.459916 0.292505 0.275797 0.320752 0.253942 0.250916 0.249809 0.276204 0.912438 0.95088 0.316749 0.247596 0.244993 0.468946 0.311069 0.236024 0.233958 0.496725 0.361167 0.256139 0.2291 0.228656 0.30413 0.341715
threshold=-22.78998083901136 -0.041613802055706368 0.8731226513397915 1.2471761888615751 -1.0000000180025095e-35 0.00044442419448461132 0.0080799957013158175 0.011544910959419698 3.5475148327448776 -2.2928921568627447 -1.126381733021077 -1.0031948881789134 0.53101023017902815 0.50991910631741155 1.0000000180025095e-35 0.267479674796748 -0.32169732441471582 0.0078812917908036764 -0.27534127214638388 0.1055050505050505 11.766986163292286 7.1880843533941858 -5.0786712161205161 -0.60929215468951237 -0.44892161410018555 0.36072160384969626 0.009924229970766944 -1.0000000180025095e-35 1.0000000180025095e-35 1.0000000180025095e-35 0.0041155183744382455 1.0000000180025095e-35 -11.714173343818635 -0.030763880824801231 -0.114509859484956 0.14680134680134674 -0.079141551361174581 -4.9795135248479756 7.35296876274366 -0.07892980120123988 -8.5028655337560171 0.0011337527735787239 1.5222950819672134 8.2832114908393226 -6.3852901484480427 -0.11640394941971242 -0.07892980120123988 -35.308118053024721 0.014109076422572779 -0.44444444444444448 0.19427305118623453 0.22503553660270084 1.5222950819672134 -1.7503301384451542 -0.11398963730569946 0.14380090363236439 -17.99907187234141 -0.12264861966884487 0.11924849621123347 35.764621745233121 -0.07892980120123988 -0.097982216142270859
decision_type=2 2 2 2 2 2 2 2 2 2 2 2 2 2 2 2 2 2 2 2 2 2 2 2 2 2 2 2 2 2 2 2 2 2 2 2 2 2 2 2 2 2 2 2 2 2 2 2 2 2 2 2 2 2 2 2 2 2 2 2 2 2
left_child=4 2 23 9 12 19 7 29 10 34 53 -12 13 15 -9 16 17 -1 -18 44 50 59 -8 -2 -25 33 54 -28 -29 35 -31 32 -32 -17 -4 36 37 38 58 -38 -34 -42 -21 -14 -6 49 47 -47 -48 -46 -13 -52 -53 -3 57 -56 -57 -20 -7 -22 61 -61
right_child=1 8 3 -5 5 6 22 14 -10 -11 11 20 43 -15 -16 25 18 -19 26 42 21 -23 -24 24 -26 -27 27 28 -30 30 31 -33 40 -35 -36 -37 39 -39 -40 -41 41 -43 -44 -45 45 46 48 -49 -50 -51 51 52 -54 -55 55 56 -58 -59 -60 60 -62 -63
leaf_value=9.9374575393336494e-05 0.0015297926973051282 -5.4086829763262552e-05 0.0021386351494813607 -0.0012691627851556359 0.00033900456537399622 0.00074380411717184832 -0.0023703625032321725 -0.0024503111290782829 0.0019300366559036775 -0.00024420990997333405 -0.00073273863088327881 -6.2117626632904584e-05 0.00042731108486815785 -0.0030821040715161632 0.00029975281958676144 0.0022042029462823205 -0.0022508787728642149 0.0024287243869943092 -0.00043872313814559893 0.00078725865054676131 0.00017395150356659534 -3.1800206228068009e-05 -0.00015746844755826461 -0.0028146917444147653 -0.00019120892708813809 -0.00044533673785725853 0.0003519571921958639 -0.0034396976941681364 -0.0005946720093596569 0.00068042293152599477 0.0011858290335315072 0.00059369028417503031 0.0043588474593568771 0.00035130887369249118 0.0010030801755076628 -0.00090008246383788636 -0.00065237701311651524 0.0005566659399429822 0.0034422232260921089 0.00044252363649780965 0.0033195420508875238 0.00070348565738337745 -0.00080226255663199656 0.0022278379033664609 -3.0904497691442624e-05 -0.0024524966444367459 0.00010634103327869515 -0.00039104173204653468 -0.00070216374243634071 0.0004947307638760531 -0.00077305556716278975 1.9932045086151421e-05 -0.0007558054716991394 0.0003306995714084086 0.00020221378771782215 -0.0024987116760282323 -0.00019650652615323734 -0.0021310945678183614 0.0024245161479381425 0.00054102071851885555 0.00014250459844271094 0.0023610094983595059
leaf_weight=1086 229 5866 682 323 8246 1132 200 274 330 698 5624 341809 1248 247 280 425 296 284 2671 2912 28637 87467 1943 258 1756 447 239 273 259 5957 723 574 210 491 4192 370 676 3283 234 6247 270 207 275 229 3840 683 25038 3091 1273 5378 3548 8231 1533 12430 4015 315 371 244 247 606 1160 449
leaf_count=1086 229 5866 682 323 8246 1132 200 274 330 698 5624 341809 1248 247 280 425 296 284 2671 2912 28637 87467 1943 258 1756 447 239 273 259 5957 723 574 210 491 4192 370 676 3283 234 6247 270 207 275 229 3840 683 25038 3091 1273 5378 3548 8231 1533 12430 4015 315 371 244 247 606 1160 449
internal_value=4.03118e-07 -3.26905e-05 0.000537163 0.000862267 0.000193472 0.000247403 0.000521551 0.000613299 -4.20085e-05 0.000985822 -4.33169e-05 -5.28895e-05 -0.000108452 -0.000211653 -0.00106039 -0.000149548 -0.000260365 0.000582247 -0.000393312 0.000124059 -4.48135e-05 3.17213e-05 -0.000363991 -0.000317267 -0.000527286 0.000667801 -0.000327753 -0.00130861 -0.00205462 0.000659361 0.000907778 0.00159042 0.00199618 0.001211 0.00116197 0.000497519 0.000541272 0.000832078 0.00139264 0.000335611 0.00284899 0.00218427 0.000650102 0.000706472 8.88003e-05 3.6306e-05 -3.70634e-05 -0.000764114 6.72233e-05 0.000275764 -7.03134e-05 -0.000280753 -0.000101863 0.000207331 -0.000228457 -1.02339e-05 -0.00125364 -0.000580383 0.00104485 0.000211808 0.000701245 0.00131559
internal_weight=592531 505828 8138 5895 86703 73563 22827 20684 497690 5572 497360 479064 13140 11663 554 11416 10053 1370 8683 50736 473440 118319 2143 2243 2014 1363 8387 771 532 20130 7941 1984 1410 916 4874 12189 11819 4896 1613 6923 687 477 3187 1477 47549 39303 30085 3774 26311 9218 355121 13312 9764 18296 7616 4701 686 2915 1379 30852 2215 1055
internal_count=592531 505828 8138 5895 86703 73563 22827 20684 497690 5572 497360 479064 13140 11663 554 11416 10053 1370 8683 50736 473440 118319 2143 2243 2014 1363 8387 771 532 20130 7941 1984 1410 916 4874 12189 11819 4896 1613 6923 687 477 3187 1477 47549 39303 30085 3774 26311 9218 355121 13312 9764 18296 7616 4701 686 2915 1379 30852 2215 1055
is_linear=0
shrinkage=0.05


Tree=13
num_leaves=63
num_cat=0
split_feature=0 25 28 28 28 22 21 0 0 25 30 17 0 0 28 0 25 26 30 22 0 17 22 29 25 17 22 28 29 0 22 17 24 25 21 28 25 26 17 21 25 25 20 28 18 20 17 17 17 17 17 20 30 20 21 21 17 28 17 22 20 24
split_gain=3.62347 1.01796 0.995539 0.798309 0.555921 0.535312 0.490548 0.665776 0.44175 0.437511 0.590373 0.522441 0.510366 0.483978 0.850215 0.748223 0.420514 0.49894 0.392151 0.411757 0.396539 0.635153 0.527775 0.375275 0.42666 0.398592 0.372578 0.358941 0.345389 0.340543 0.33821 0.336121 0.387388 0.314121 0.313255 0.343808 0.312874 0.308281 0.387807 0.305182 0.302999 0.296679 0.535394 0.291607 0.343115 0.288771 0.288402 0.283663 0.310864 0.282842 0.364022 0.281991 0.269128 0.268528 0.265513 0.264879 0.262206 0.260605 0.258571 0.258292 0.321613 0.311103
threshold=-148542.30125310973 -26.154327021383271 -0.07885667076927598 0.0080799957013158175 -1.0000000180025095e-35 -0.4783177570093457 -0.7221107644417154 -285119.93646611692 -285119.93646611692 -29.62926142295056 0.22690058479532119 3.1080945558739259 -124111.48566945719 -19726.507764592254 0.00095290499023939609 60234.407756770022 -29.702221684727864 -11.714173343818635 -37.962732919254655 -0.84572885677858045 -201774.00945916589 -0.065282215122470774 -0.037523584241502698 -3.7766770533247098 5.6562991909223586 0.37884436160298246 -1.126381733021077 -0.0019267823302104199 -2.6111204038806601 129780.06613251531 -1.0031948881789134 -0.065282215122470774 -40.483285732151053 -1.635522930250694 -0.73346560846560827 0.0017697846072866053 14.227123724787392 8.2832114908393226 -0.38764241893076273 -0.60989269758028575 -28.776505456643218 12.550374928217989 0.28976435935198813 0.0012273246803964062 -0.37253410416349703 -0.1333333333333335 0.18571428571428564 2.5810575635876845 3.187261222540593 -0.12264861966884487 -0.065282215122470774 0.84810029226272898 19.021164021164026 0.82341269841269837 -0.7875255733821469 -0.72173900593461193 -0.31950026633092826 -0.011603577388799058 0.1584261942461089 0.15686397589605175 0.21334753283635075 27.784118789605138
decision_type=2 2 2 2 2 2 2 2 2 2 2 2 2 2 2 2 2 2 2 2 2 2 2 2 2 2 2 2 2 2 2 2 2 2 2 2 2 2 2 2 2 2 2 2 2 2 2 2 2 2 2 2 2 2 2 2 2 2 2 2 2 2
left_child=1 3 5 4 46 33 34 -8 -6 10 28 13 -12 26 15 -15 37 -18 -9 -20 21 22 -21 58 -25 36 -11 -17 -4 -13 -28 32 -30 -2 35 -3 -26 -14 52 -22 -29 42 43 44 -32 -43 -1 -23 -49 -10 -51 54 -39 -44 -47 -56 -16 -57 -7 61 -61 -42
right_child=2 6 9 -5 8 23 7 18 49 11 12 29 16 14 56 27 17 -19 19 20 39 47 -24 24 25 -27 30 40 31 -31 41 -33 -34 -35 -36 -37 -38 38 -40 -41 59 45 53 -45 -46 51 -48 48 -50 50 -52 -53 -54 -55 55 57 -58 -59 -60 60 -62 -63
leaf_value=0.00051247019986336588 0.0034641401163468984 0.0018738298891887183 0.00016698426142627452 -0.00041282431118793767 0.0024565002196350132 -0.0019819086077730906 0.0015383149652243972 -0.00025823469772619955 0.0017274222540800113 0.00032953777429553261 0.0016130209134733531 0.00037642311019075981 0.0001380341524846542 -9.8664125110515917e-05 -0.00013556755646229634 -6.2080987373793866e-05 6.838013295276576e-05 0.0033046216208243609 -0.0002351866483918326 0.0012042841018283861 0.001266248503678163 0.00070019853201398763 0.0033378678860204441 0.00021020904438414842 0.0034873460659055194 -0.00019298947143083135 -0.00063797691166847786 -0.0015110271552472932 -0.0024044888081888871 0.0018382881599303743 -0.00041463505058612768 -4.4267338623083587e-06 -0.00041357546677368981 0.0012890084337025898 -0.0003986915991737621 -0.0006398712411881005 0.0012672348215774295 0.0025612413564854801 0.00038418578531260053 0.00029575571611022378 -0.00039182693624277825 0.00053199331106981284 -0.00083887580210781658 -0.00011147258419282583 4.8423330759252595e-05 0.0011139881920232328 -0.0016962831249825454 -0.0014062132223819157 0.00098156385980311756 -0.00055700725499860555 0.001090902346218222 0.0010646086481396404 0.00056594411333359032 0.00033165269307304317 -0.0006752143777610201 0.00049570496573322768 5.4994528711828899e-06 2.7007176493466307e-05 0.00041156265285524841 -0.00072646854988431861 0.00092338335003180254 0.00024317025231763024
leaf_weight=468 211 344 11256 899 748 251 1281 2260 1590 8355 750 1783 13661 62962 43749 7784 230 247 2051 1265 869 3098 376 1860 269 243 2128 645 256 513 4179 8379 5361 778 3032 225 387 407 2278 11942 24323 3577 2964 59865 93630 582 216 361 219 369 3650 698 289 587 1262 3182 133333 43642 205 7805 307 2095
leaf_count=468 211 344 11256 899 748 251 1281 2260 1590 8355 750 1783 13661 62962 43749 7784 230 247 2051 1265 869 3098 376 1860 269 243 2128 645 256 513 4179 8379 5361 778 3032 225 387 407 2278 11942 24323 3577 2964 59865 93630 582 216 361 219 369 3650 698 289 587 1262 3182 133333 43642 205 7805 307 2095
internal_value=3.82962e-07 0.000491912 -3.07202e-05 0.000990256 0.0011694 0.0007358 0.000347095 0.000429638 0.00131514 -3.65467e-05 0.000116397 -4.94774e-05 0.000336389 -5.2881e-05 -9.63778e-05 -0.000208434 0.000280435 0.00174417 0.000366352 0.000436297 0.00051226 0.000875163 0.00169315 0.000422868 0.000642482 0.00153684 1.91396e-06 -0.000369315 -3.92145e-05 0.000703051 -1.07414e-05 -0.000205046 -0.000504313 0.00175307 -0.000196669 0.000879836 0.00217762 0.000238464 0.000699784 0.000361587 -0.000437304 -4.50907e-06 -3.82319e-05 -2.45582e-05 2.86386e-05 9.81856e-05 -0.000185031 0.000510205 -0.000504622 0.00116293 0.000939601 6.67524e-05 0.00173273 -0.000645381 5.2441e-05 3.95928e-05 -2.93519e-05 5.88583e-05 -0.000905896 -0.000417248 -0.00066403 -0.00034147
internal_weight=592531 35263 557268 7940 7041 4204 27323 23722 6357 553064 43114 509950 17862 507654 283003 105921 17112 477 22441 20181 18130 5319 1641 3215 2759 899 224651 42959 25252 2296 216296 13996 5617 989 3601 569 656 16635 2974 12811 35175 214168 161225 157674 97809 52943 684 3678 580 5609 4019 49366 696 3551 48668 48086 177082 46824 456 34530 8112 26418
internal_count=592531 35263 557268 7940 7041 4204 27323 23722 6357 553064 43114 509950 17862 507654 283003 105921 17112 477 22441 20181 18130 5319 1641 3215 2759 899 224651 42959 25252 2296 216296 13996 5617 989 3601 569 656 16635 2974 12811 35175 214168 161225 157674 97809 52943 684 3678 580 5609 4019 49366 696 3551 48668 48086 177082 46824 456 34530 8112 26418
is_linear=0
shrinkage=0.05


Tree=14
num_leaves=63
num_cat=0
split_feature=0 25 28 0 28 28 0 25 23 25 18 18 17 18 24 17 31 17 28 0 30 18 30 23 17 23 29 28 25 0 28 0 30 0 25 24 20 17 0 0 24 24 18 18 17 17 29 0 28 26 28 0 26 18 17 28 20 0 28 18 18 18
split_gain=3.28121 1.06965 1.25381 0.948913 0.77607 0.569151 0.533486 0.467492 0.433528 0.893901 0.397335 0.615662 0.404661 0.401202 0.364458 0.592631 0.577098 0.362671 0.343011 0.314893 0.301605 0.288778 0.313707 0.302941 0.28632 0.283052 0.277449 0.414041 0.668858 0.346931 0.384152 0.407058 0.371035 0.285631 0.321188 0.277071 0.274871 0.279852 0.26875 0.295226 0.265378 0.264289 0.258686 0.315855 0.310475 0.357997 0.258368 0.250109 0.340062 0.248618 0.248216 0.24615 0.240526 0.2391 0.234142 0.311038 0.258345 0.228825 0.47728 0.221999 0.259709 0.250408
threshold=-133469.44675318242 -18.580226165827217 0.0080799957013158175 -285119.93646611692 -0.07885667076927598 -0.00032907831296580763 -212245.57563070627 -29.702221684727864 -1.0000000180025095e-35 -1.227085798719102 2.2491416918351024 1.6279619275825346 3.187261222540593 0.24900000000000003 33.476060519792831 0.04999999999999994 -4.3346230158730146 -0.12264861966884487 0.00099707852833401714 -68126.803730578118 164.17853009259264 0.58501096272672926 -12.557914176626824 0.92870518994114515 2.5810575635876845 0.95360701474691123 -2.9468024900962075 -0.018426210386397565 -3.4695147602842229 -43754.085974129222 0.00085270520401168638 76064.896476302602 8.4422654210743246 772246.24799423513 -29.548184349797861 -9.8536758612449002 -0.71023564064801181 -1.5186206896551719 -21657.107216270564 -89076.014828883199 -35.308118053024721 22.607148683739855 -0.033771225817352361 -0.083967161656404637 0.1584261942461089 0.89661986972743979 -1.7215311004784684 134676.15576259251 0.00096397226158900686 5.9334292790195322 0.0020707513829081791 78338.600445820062 8.2832114908393226 1.7396551724137932 0.12151821438789324 -0.00032907831296580763 0.19427305118623453 134676.15576259251 0.011140308343239626 0.95878046995095534 0.65231171526830967 0.96135893957901331
decision_type=2 2 2 2 2 2 2 2 2 2 2 2 2 2 2 2 2 2 2 2 2 2 2 2 2 2 2 2 2 2 2 2 2 2 2 2 2 2 2 2 2 2 2 2 2 2 2 2 2 2 2 2 2 2 2 2 2 2 2 2 2 2
left_child=1 2 3 50 14 -5 8 -7 9 -3 11 13 51 25 15 16 -2 -9 -11 -18 53 23 -23 -8 42 26 36 28 -28 -29 31 -31 47 34 52 -17 37 -6 39 -30 -19 -15 43 -10 -44 -46 49 -32 -49 -41 -1 -12 -34 -13 56 -56 -33 -38 -59 60 -43 -61
right_child=4 6 -4 5 10 7 21 17 24 18 12 20 -14 41 -16 35 19 40 -20 -21 -22 22 -24 -25 -26 -27 27 29 38 30 32 54 33 -35 -36 -37 57 -39 -40 46 -42 59 44 -45 45 -47 -48 48 -50 -51 -52 -53 -54 -55 55 -57 -58 58 -60 61 -62 -63
leaf_value=0.002539236708776706 -0.00043966899498767682 0.0035525088899949625 -0.00058314074146368527 -0.00020248907518911408 -0.0016525446171916211 0.001293738983165279 6.4860873357603187e-06 0.0012135388333056466 0.0014083515452804674 -0.00021083144718286349 0.00060064626398752935 -0.0016252572284565518 -0.00058132569503316204 6.9735309625559847e-05 -0.0013834509153852605 -0.0011226045693101181 0.0026158171533462778 -0.00040026246992334158 0.0022135880957154142 0.0012069356231244326 0.0011484069035748422 5.1478428395341564e-05 0.001167828945962324 0.0018484114517144338 -0.00064525426654989343 0.0018324286458816915 -0.00020837100053116135 4.6256215043693544e-05 -0.00045843166129930912 -8.9515631142471808e-05 -7.5314426668282523e-05 -0.00018931790524200954 0.00036353470834681148 -0.0015671289886145902 8.4490762056401705e-05 0.00040105336192684219 -8.495834439561658e-05 0.00038389959418580943 0.00025351594447270588 0.0015320157301218157 0.00057878200977563193 0.00085045718378867871 0.00031594574437544977 -0.00020831832496765376 0.0023323580421126407 0.00077961537830280867 -0.00064982649395169264 0.00067243438771823064 1.5592151941862903e-05 0.00066368282482027671 0.00060998942266633099 0.0019106763416462142 0.0012964879644678025 -0.00053248933733875809 -4.2679576113595831e-05 -0.00082372656060804837 -0.0011154675506467866 -0.00037933185186478217 0.0013785887419335268 0.0028205024294637531 3.6648797847122373e-05 0.00037528396380162761
leaf_weight=1002 429 362 1645 1399 557 4165 18216 2106 373 500 1113 561 517 36884 209 424 538 792 206 1509 244 1281 1237 226 554 200 5061 92330 405 57589 139440 14242 3241 243 24001 1007 119167 242 4461 1583 5490 1637 1539 1590 559 1105 231 2605 8090 1720 200 529 878 4647 1780 4490 795 11122 400 205 2444 214
leaf_count=1002 429 362 1645 1399 557 4165 18216 2106 373 500 1113 561 517 36884 209 424 538 792 206 1509 244 1281 1237 226 554 200 5061 92330 405 57589 139440 14242 3241 243 24001 1007 119167 242 4461 1583 5490 1637 1539 1590 559 1105 231 2605 8090 1720 200 529 878 4647 1780 4490 795 11122 400 205 2444 214
internal_value=3.63814e-07 0.000413037 0.000727925 0.000870244 -3.31834e-05 0.000754111 0.0002224 0.000860722 0.000607648 0.00153239 -3.83598e-05 -4.10578e-05 0.000638593 -3.56832e-05 0.0006508 0.00075962 0.00122777 0.00064571 0.000496577 0.00157722 -0.000569706 9.76355e-05 0.0005999 2.90582e-05 0.000434986 -4.81897e-05 -4.895e-05 -2.64189e-05 0.000245696 -3.68927e-05 -6.67191e-05 -0.000158597 -2.61091e-05 0.000139745 0.000154495 -5.04008e-05 -0.000111183 -0.00103575 0.000519271 0.000820244 0.000455349 0.00011387 0.000550831 9.88737e-05 0.000827819 0.00130124 0.000966781 -5.74417e-05 0.00017558 0.00107984 0.00221823 0.0010227 0.000562402 -0.000650201 -0.000345312 -0.000601994 -0.000238283 -0.000105531 -0.000318304 0.000475618 0.000363089 0.00157163
internal_weight=592531 44547 16799 15154 547984 13952 27748 12553 6788 1068 543868 541709 2159 536257 4116 3907 2476 8388 706 2047 5452 20960 2518 18442 5720 494873 494673 363185 13461 349724 257394 78896 178498 28363 28120 1431 131488 799 8400 3939 6282 41384 5166 1963 3203 1664 3534 150135 10695 3303 1202 1642 4119 5208 21307 6270 15037 130689 11522 4500 4081 419
internal_count=592531 44547 16799 15154 547984 13952 27748 12553 6788 1068 543868 541709 2159 536257 4116 3907 2476 8388 706 2047 5452 20960 2518 18442 5720 494873 494673 363185 13461 349724 257394 78896 178498 28363 28120 1431 131488 799 8400 3939 6282 41384 5166 1963 3203 1664 3534 150135 10695 3303 1202 1642 4119 5208 21307 6270 15037 130689 11522 4500 4081 419
is_linear=0
shrinkage=0.05


end of trees

feature_importances:
derived__derived__drawdown=139
fema__disasters_10yr_severe_storm=113
zhvi_t=105
fema__disasters_10yr_count=101
fema__disasters_10yr_other=99
fema__disasters_10yr_fire=92
nri__wildfire_risk=89
derived__derived__vol_24m=51
fema__disasters_10yr_hurricane=28
nri__flood_risk_combined=24
afdc__afdc__station_count=20
nri__composite_risk=19
fema__disasters_10yr_tornado=17
afdc__afdc__l2_ports=17
afdc__afdc__dcfc_ports=14
fema__disasters_10yr_flood=2

parameters:
[boosting: gbdt]
[objective: regression]
[metric: rmse]
[tree_learner: serial]
[device_type: cpu]
[data_sample_strategy: bagging]
[data: ]
[valid: ]
[num_iterations: 1500]
[learning_rate: 0.05]
[num_leaves: 63]
[num_threads: 0]
[seed: 0]
[deterministic: 0]
[force_col_wise: 0]
[force_row_wise: 0]
[histogram_pool_size: -1]
[max_depth: -1]
[min_data_in_leaf: 200]
[min_sum_hessian_in_leaf: 0.001]
[bagging_fraction: 0.8]
[pos_bagging_fraction: 1]
[neg_bagging_fraction: 1]
[bagging_freq: 5]
[bagging_seed: 3]
[bagging_by_query: 0]
[feature_fraction: 0.8]
[feature_fraction_bynode: 1]
[feature_fraction_seed: 2]
[extra_trees: 0]
[extra_seed: 6]
[early_stopping_round: 0]
[early_stopping_min_delta: 0]
[first_metric_only: 0]
[max_delta_step: 0]
[lambda_l1: 0]
[lambda_l2: 0]
[linear_lambda: 0]
[min_gain_to_split: 0]
[drop_rate: 0.1]
[max_drop: 50]
[skip_drop: 0.5]
[xgboost_dart_mode: 0]
[uniform_drop: 0]
[drop_seed: 4]
[top_rate: 0.2]
[other_rate: 0.1]
[min_data_per_group: 100]
[max_cat_threshold: 32]
[cat_l2: 10]
[cat_smooth: 10]
[max_cat_to_onehot: 4]
[top_k: 20]
[monotone_constraints: ]
[monotone_constraints_method: basic]
[monotone_penalty: 0]
[feature_contri: ]
[forcedsplits_filename: ]
[refit_decay_rate: 0.9]
[cegb_tradeoff: 1]
[cegb_penalty_split: 0]
[cegb_penalty_feature_lazy: ]
[cegb_penalty_feature_coupled: ]
[path_smooth: 0]
[interaction_constraints: ]
[verbosity: -1]
[saved_feature_importance_type: 0]
[use_quantized_grad: 0]
[num_grad_quant_bins: 4]
[quant_train_renew_leaf: 0]
[stochastic_rounding: 1]
[linear_tree: 0]
[max_bin: 255]
[max_bin_by_feature: ]
[min_data_in_bin: 3]
[bin_construct_sample_cnt: 200000]
[data_random_seed: 1]
[is_enable_sparse: 1]
[enable_bundle: 1]
[use_missing: 1]
[zero_as_missing: 0]
[feature_pre_filter: 1]
[pre_partition: 0]
[two_round: 0]
[header: 0]
[label_column: ]
[weight_column: ]
[group_column: ]
[ignore_column: ]
[categorical_feature: ]
[forcedbins_filename: ]
[precise_float_parser: 0]
[parser_config_file: ]
[objective_seed: 5]
[num_class: 1]
[is_unbalance: 0]
[scale_pos_weight: 1]
[sigmoid: 1]
[boost_from_average: 1]
[reg_sqrt: 0]
[alpha: 0.9]
[fair_c: 1]
[poisson_max_delta_step: 0.7]
[tweedie_variance_power: 1.5]
[lambdarank_truncation_level: 30]
[lambdarank_norm: 1]
[label_gain: ]
[lambdarank_position_bias_regularization: 0]
[eval_at: ]
[multi_error_top_k: 1]
[auc_mu_weights: ]
[num_machines: 1]
[local_listen_port: 12400]
[time_out: 120]
[machine_list_filename: ]
[machines: ]
[gpu_platform_id: -1]
[gpu_device_id: -1]
[gpu_use_dp: 0]
[num_gpu: 1]

end of parameters

pandas_categorical:[]
