tree
version=v4
num_class=1
num_tree_per_iteration=1
label_index=0
max_feature_idx=31
objective=regression
feature_names=zhvi_t fred__mortgage_30y fred__real_rate_10y fred__m2_sa fred__treasury_10y fred__case_shiller_us fred__lumber fred__unemployment_us fred__mortgage_30y_d1m fred__mortgage_30y_d3m fred__mortgage_30y_d12m fred__real_rate_10y_d1m fred__real_rate_10y_d3m fred__real_rate_10y_d12m fred__treasury_10y_d1m fred__treasury_10y_d3m fred__treasury_10y_d12m fema__disasters_10yr_count fema__disasters_10yr_fire fema__disasters_10yr_flood fema__disasters_10yr_hurricane fema__disasters_10yr_other fema__disasters_10yr_severe_storm fema__disasters_10yr_tornado nri__flood_risk_combined nri__wildfire_risk nri__composite_risk derived__derived__vol_24m derived__derived__drawdown afdc__afdc__station_count afdc__afdc__l2_ports afdc__afdc__dcfc_ports
feature_infos=[-444213.16116074537:2777828.2006834503] [-8.8817841970012523e-16:8.8817841970012523e-16] [-4.4408920985006262e-16:4.4408920985006262e-16] [-9.0949470177292824e-13:9.0949470177292824e-13] [-8.8817841970012523e-16:8.8817841970012523e-16] [-2.8421709430404007e-14:2.8421709430404007e-14] [-2.8421709430404007e-14:2.8421709430404007e-14] [-8.8817841970012523e-16:8.8817841970012523e-16] [-1.1102230246251565e-16:1.1102230246251565e-16] [-1.1102230246251565e-16:1.1102230246251565e-16] [-2.2204460492503131e-16:2.2204460492503131e-16] [-5.5511151231257827e-17:1.1102230246251565e-16] [-1.1102230246251565e-16:1.1102230246251565e-16] [-1.1102230246251565e-16:1.1102230246251565e-16] [-1.1102230246251565e-16:1.1102230246251565e-16] [-2.2204460492503131e-16:2.2204460492503131e-16] [-2.2204460492503131e-16:2.2204460492503131e-16] [-9.8338108882521489:4.7205882352941178] [-9.0773638968481372:3.8235294117647061] [-0.97115384615384615:0.51685393258426959] [-1.3611111111111112:1.8274760383386581] [-1.9512195121951219:1.6538461538461537] [-3.1600000000000001:3.7620481927710845] [-0.56481481481481477:0.98461538461538467] [-73.85155314771967:57.550721521948297] [-82.331841573479281:73.893355769028034] [-50.051905764200093:67.722103659568788] [-0.0087955740683839691:0.052612127880990012] [-0.46473213912935402:0.11729744962878702] [-18.859154929577464:226.51282051282053] [-53.142405063291136:521.08124999999995] [-18.88372093023256:138.65384615384616]
tree_sizes=6262 6267 6317 6222

Tree=0
num_leaves=63
num_cat=0
split_feature=27 21 22 28 25 27 21 21 18 23 27 21 21 18 22 21 28 27 25 25 18 28 20 28 22 23 22 22 25 23 28 28 25 22 25 24 28 24 28 28 25 21 24 28 21 21 21 27 20 25 22 23 23 25 27 21 22 26 21 27 25 25
split_gain=1.48551 1.34561 1.01569 0.991449 0.993338 0.976141 0.88508 0.905489 0.671504 0.657945 0.626661 0.623359 0.862009 0.567117 0.52756 0.544343 0.515313 0.638619 0.487053 0.476745 0.676621 0.502344 0.49168 0.635727 0.469261 0.434937 0.427252 0.426254 0.417587 0.778714 0.693221 0.555218 0.38491 0.60067 0.396262 0.380087 0.375629 0.352435 0.37289 0.331547 0.379781 0.331424 0.330123 0.324273 0.320233 0.306567 0.42427 0.391565 0.304637 0.499945 0.302938 0.30115 0.300382 0.338421 0.284468 0.351822 0.281421 0.279557 0.274219 0.286496 0.266089 0.454298
threshold=0.0024576656011196791 -0.58846153846153826 3.5475148327448776 0.028013880468735871 -0.30962040087168136 0.0071844850255812507 0.12186424003935072 0.32852661404573985 0.56498978549540357 0.95324643782383434 -0.0010068213387863774 -0.7875255733821469 -0.70187731359069272 -1.2608892921960071 -0.93541666666666656 1.5567567567567571 0.0043118810977994691 2.1043408219029433e-05 -1.6171157694653002 23.04712959802438 -1.8546934865900375 0.001412948305997241 0.24154589371980686 0.00035568942025070903 -0.4783177570093457 1.0000000180025095e-35 -1.1935979356107151 0.60622792937399694 -22.783860042086236 1.0000000180025095e-35 0.009991865221508028 0.003550741696027006 -4.438144503100875 -0.18257575757575756 -26.909608070206357 -42.838503021711965 -0.07928086673824046 -8.0493570324895476 0.005938708440292117 -0.0063241021147216773 -3.444944441539032 0.065789473684210523 5.3872757844458983 -1.0000000180025095e-35 -0.60989269758028575 -0.56310679611650483 -0.071858864027538716 0.00043808430758460762 0.40395173646578147 7.3890929159275425 0.82608289768483956 -0.042687246963562749 -0.043373745819397985 -24.11576833107274 -5.0205817242918512e-05 -0.24807692307692306 1.5222950819672134 9.410422290078051 0.065789473684210523 0.01006782131346136 39.05784874399108 7.6351825010542678
decision_type=2 2 2 2 2 2 2 2 2 2 2 2 2 2 2 2 2 2 2 2 2 2 2 2 2 2 2 2 2 2 2 2 2 2 2 2 2 2 2 2 2 2 2 2 2 2 2 2 2 2 2 2 2 2 2 2 2 2 2 2 2 2
left_child=2 5 3 8 10 -2 13 37 9 11 52 25 -13 -3 -10 16 27 41 -19 22 -21 43 26 -24 36 -1 -14 35 29 30 45 -31 33 -9 -35 -16 -15 38 -8 40 -30 -18 -32 -22 -41 57 54 56 50 -50 58 -37 -5 -54 -47 -56 -48 -28 59 -26 61 -61
right_child=1 6 -4 4 -6 -7 7 32 14 -11 -12 12 19 24 15 -17 17 18 -20 20 21 -23 23 -25 48 -27 28 -29 39 31 42 -33 -34 34 -36 51 -38 -39 -40 44 -42 -43 -44 -45 -46 46 47 -49 49 -51 -52 -53 53 -55 55 -57 -58 -59 -60 60 -62 -63
leaf_value=0.0005401389367843581 0.00081634805378313826 0.001592262065853455 0.0034616345742267216 0.00094466949119529405 0.00011549745252260289 0.0028248434988682736 0.0016917762232131349 0.00050607046411737969 -0.00023279224103019326 0.0029453489357910254 -0.0025271481645567418 -0.00031112885611632359 0.00042488517505704949 0.0017821526198875423 0.0015591010918860754 -0.0014951853413635104 -8.6272554935318241e-05 -0.0020039286282615833 0.00011208857690128313 0.0025231546735033556 0.00046794279884043147 0.00042904872174099099 -0.00083534747964052994 -1.4593735059855947e-06 0.00017354137122612534 0.0022150794194849685 0.00027279727163898254 0.0010347980133426243 -4.1371932630977201e-05 -0.0027084752605019322 -0.00072188356913951176 -0.00030080195622196132 0.00049708869873284439 -0.00025218247334241967 -0.002817903759172864 -0.00018595305030459376 0.00045331786239716297 0.00075042095165820787 -0.00021373598364346383 -0.0003247368008278584 0.000512326372599522 0.00094968387477596238 0.00043726509505911953 2.370468903995285e-05 5.7266661129931146e-05 0.00014478110706369954 0.00019530958986108108 0.00054756406255963733 -0.0029065614503805599 -1.9215021400355011e-05 0.00078688561996166466 0.00043253771249623316 -0.002134402121398538 -0.00045383786489392347 4.4450504166680744e-05 -0.0011936269714891098 0.0013494028450922056 0.0013576892650139013 -0.001414013000752953 -0.0006765432767929238 -0.0018902427123567776 0.00050067460863218686
leaf_weight=3200 1960 741 225 217 2223 875 2675 604 3974 202 773 13271 9271 576 701 384 2456 657 464 324 4952 19197 3261 7641 28303 441 1166 3071 4937 369 2690 682 2171 264 350 2157 6932 3175 284 5579 8309 1126 796 24099 329832 2905 36389 11376 217 485 1721 22479 471 823 1103 1196 536 1210 294 1957 245 1410
leaf_count=3200 1960 741 225 217 2223 875 2675 604 3974 202 773 13271 9271 576 701 384 2456 657 464 324 4952 19197 3261 7641 28303 441 1166 3071 4937 369 2690 682 2171 264 350 2157 6932 3175 284 5579 8309 1126 796 24099 329832 2905 36389 11376 217 485 1721 22479 471 823 1103 1196 536 1210 294 1957 245 1410
internal_value=0.000128356 0.00037526 0.000102964 0.000101557 -0.00063691 0.00143625 0.000317862 0.0007539 0.000107808 9.23578e-05 -0.00136922 9.11929e-05 8.63602e-05 0.000221027 0.000311893 0.000376517 0.000398224 -8.65646e-05 -0.00112807 9.74001e-05 0.000245871 0.000230579 8.05997e-05 -0.000250892 0.000196914 0.000743009 8.92383e-05 0.000478482 8.16314e-05 0.000202986 0.00022687 -0.00114612 9.79651e-05 -0.000613445 -0.00171473 0.000411053 0.000555264 0.0011163 0.00150889 6.06021e-05 0.000305954 0.00023938 -0.000457201 9.9429e-05 5.09127e-05 0.000269544 0.000244866 0.000291081 0.000119227 -0.000911742 0.000140557 0.000378386 -0.000776849 -0.00106554 -0.000184081 -0.00059963 0.000212062 0.000825289 0.000106022 0.000120025 -0.000299323 -0.000183559
internal_weight=592374 55239 537135 536910 4507 2835 52404 9523 532403 494934 2284 494732 491091 42881 37469 33495 33111 4703 1121 477820 48572 48248 429248 10902 42140 3641 418346 28408 409075 60418 59367 1051 3389 1218 614 25337 7508 6134 2959 348657 13246 3582 3486 29051 335411 55881 53505 48301 34632 702 33930 24636 1511 1294 5204 2299 36925 2376 32209 31915 3612 3367
internal_count=592374 55239 537135 536910 4507 2835 52404 9523 532403 494934 2284 494732 491091 42881 37469 33495 33111 4703 1121 477820 48572 48248 429248 10902 42140 3641 418346 28408 409075 60418 59367 1051 3389 1218 614 25337 7508 6134 2959 348657 13246 3582 3486 29051 335411 55881 53505 48301 34632 702 33930 24636 1511 1294 5204 2299 36925 2376 32209 31915 3612 3367
is_linear=0
shrinkage=1


Tree=1
num_leaves=63
num_cat=0
split_feature=0 28 27 25 22 22 28 18 25 28 28 21 17 21 17 21 28 25 22 0 0 23 17 28 17 18 27 0 22 28 22 18 25 20 0 20 0 28 28 20 0 18 17 0 23 23 21 28 0 21 25 0 25 17 18 0 22 0 28 21 25 28
split_gain=2.70907 6.38577 1.85174 1.60795 1.33767 1.16994 0.986399 0.88286 0.665232 0.884052 0.760268 0.610922 0.606179 0.649718 1.00557 0.615831 0.653639 0.652951 0.576217 0.570974 0.509471 0.488425 0.474678 0.46797 0.448876 0.436222 0.426547 0.424865 0.404933 0.370373 0.410169 0.364633 0.352166 0.688415 2.9388 1.1626 0.521685 0.678496 0.935731 0.463363 0.410177 0.414744 0.387215 0.508344 0.736009 0.509589 0.484617 0.35627 0.506285 0.345009 0.338764 0.33266 0.314242 0.307327 0.304534 0.341334 0.284026 0.769445 0.566708 0.690304 0.533842 0.522699
threshold=-133276.25062457903 0.0052355168105977712 0.0033081165876025528 -1.6171157694653002 -0.097982216142270859 -0.024800163968026243 0.018673681790927755 2.2491416918351024 -11.584552990215414 -1.0000000180025095e-35 0.0022615630269192792 0.27641208216778296 -1.4299406663623913 -0.7875255733821469 0.04999999999999994 -0.53111111111111098 0.018673681790927755 -28.796131793537523 0.17823529411764713 112386.44136774873 -192923.04718553679 0.95324643782383434 3.187261222540593 -0.042174472383127923 -1.2649061275015472 -1.0000000180025095e-35 -0.00090752897500247351 -256141.49042876865 0.34309564233163553 -0.01866028668913507 1.0000000180025095e-35 -1.0000000180025095e-35 8.0247482111765986 0.38794304287262033 -42481.414150022705 0.703809523809524 -17041.622120231597 -1.0000000180025095e-35 0.00058242550673538545 0.39833322987150049 3419.6410586067655 -0.19255034137066801 1.4040015769761485 162137.90395017431 -0.071294810058854977 -1.0000000180025095e-35 -1.0000000180025095e-35 0.028013880468735871 -49142.003879219526 -0.033771225817352361 -19.966784825360985 -72148.095681893377 17.783966469777202 -1.3907738095238098 -0.27200069632178253 10446.609586079185 0.0093023296883388302 -31863.310008529192 -1.0000000180025095e-35 0.32852661404573985 -29.702221684727864 0.00096575116769255411
decision_type=2 2 2 2 2 2 2 2 2 2 2 2 2 2 2 2 2 2 2 2 2 2 2 2 2 2 2 2 2 2 2 2 2 2 2 2 2 2 2 2 2 2 2 2 2 2 2 2 2 2 2 2 2 2 2 2 2 2 2 2 2 2
left_child=1 2 4 6 11 20 18 12 9 -7 26 49 23 14 -14 16 17 -15 27 22 -6 32 -9 -2 -10 -12 -11 -3 -20 -4 -31 -25 33 42 35 39 -34 -38 -39 51 -36 -42 47 46 -45 -46 -44 56 -49 53 -41 -35 -51 -1 -19 -56 60 58 59 -58 -17 -60
right_child=7 3 29 -5 5 8 -8 19 24 10 25 -13 13 15 -16 21 -18 54 28 -21 -22 -23 -24 31 -26 -27 -28 -29 -30 30 -32 -33 36 34 40 -37 37 38 -40 50 41 -43 43 44 45 -47 -48 48 -50 52 -52 -53 -54 -55 55 -57 57 -59 61 -61 -62 -63
leaf_value=3.4414552492142864e-06 0.0014491579333883679 -0.0031756306653397126 0.00071274409726282493 -7.0078079986106187e-05 0.0023885611150340452 -0.00091399139950763288 -0.0030079225743177116 0.001040672798926481 0.0023457944171769848 0.00049178102239824911 0.001284620573621305 0.0012588548586686902 0.00029578892184681834 0.00048703074635926671 0.0028977802208454131 0.00018691663975778499 -0.0023785585031318511 0.00037294893414754904 0.0010538874349981893 0.0023458887143594999 0.0011087005255343112 0.0022205028812392227 -0.00085053753024940185 -4.369351281879891e-05 0.00012715498487455567 -0.00084011150197506605 0.0012632616917889041 -0.001295808146825075 -0.0016429911438519094 0.0013108331416312462 0.0024107352032215904 0.00037455746206251067 0.0001298325360749667 -0.0049954980402831034 -0.00059752606548749609 -0.00040048762255817292 0.00028976339272289675 -0.00036578218392197448 6.627436314975126e-06 -0.0036848512642465013 -0.0010763695001754353 0.000845762369282495 0.0013749136361057165 -0.0016074535199505871 0.0028079149023559767 0.00080655469055694411 -1.3706552006378372e-05 -0.0021254880724969035 -0.00022491335521510839 -6.8080889114662956e-05 -0.0015999445906317977 -0.0024974247575962429 0.00090442582179827563 -0.00088226284932370119 -0.00025562195835464308 -0.00072978042040579847 -0.00064546565945151489 -3.4348386739380562e-05 4.8450313952371965e-05 -0.002865789760626479 -6.2625910547598086e-05 -0.0004021355425438328
leaf_weight=1764 752 387 993 1961 966 732 1217 1152 234 2489 329 855 2193 2400 447 23945 380 1200 385 562 3986 239 466 9758 8859 909 6395 1346 218 1869 1551 11183 65242 315 947 780 12305 24513 54080 262 319 2334 665 267 391 1705 11387 503 1155 3962 760 231 1051 2202 9089 6517 5075 61549 10003 376 204216 18051
leaf_count=1764 752 387 993 1961 966 732 1217 1152 234 2489 329 855 2193 2400 447 23945 380 1200 385 562 3986 239 466 9758 8859 909 6395 1346 218 1869 1551 11183 65242 315 947 780 12305 24513 54080 262 319 2334 665 267 391 1705 11387 503 1155 3962 760 231 1051 2202 9089 6517 5075 61549 10003 376 204216 18051
internal_value=-7.8383e-07 0.000373671 0.000598063 -0.00121937 0.000475485 0.000670491 -0.0018537 -3.13165e-05 0.00049972 0.000764008 0.000885357 -1.82567e-05 -3.53294e-05 -4.60549e-05 0.000736353 -5.0018e-05 -0.000325067 -0.000284438 -0.00125238 0.000972887 0.00135837 -3.92784e-05 0.000495986 0.00022367 0.00018425 -0.000275461 0.00104712 -0.0017156 7.88965e-05 0.00156283 0.00180965 0.000179663 -4.03556e-05 -6.85369e-05 -0.000601793 -0.00197796 2.19551e-05 -5.54739e-05 -0.000109526 -0.00276268 0.000295775 0.000614643 -5.91885e-05 0.000194389 0.000864951 0.0011799 6.29141e-05 -7.04401e-05 -0.000801505 -0.000139866 -0.00213443 -0.00393862 0.00013581 -0.000488319 -0.000394608 -0.000453629 -6.66899e-05 -0.000139307 -0.000332117 -0.00079862 -3.6437e-05 -0.000241474
internal_weight=592374 44660 39146 5514 34733 24899 3553 547714 19947 10854 10122 9834 545534 523841 2640 521201 19586 19206 2336 2180 4952 501615 1618 21693 9093 1238 8884 1733 603 4413 3420 20941 501376 345236 5948 2348 156140 90898 78593 1568 3600 2653 339288 14415 2363 2096 12052 324873 1658 8979 1022 546 5013 3966 16806 15606 323215 95054 33505 5451 228161 28054
internal_count=592374 44660 39146 5514 34733 24899 3553 547714 19947 10854 10122 9834 545534 523841 2640 521201 19586 19206 2336 2180 4952 501615 1618 21693 9093 1238 8884 1733 603 4413 3420 20941 501376 345236 5948 2348 156140 90898 78593 1568 3600 2653 339288 14415 2363 2096 12052 324873 1658 8979 1022 546 5013 3966 16806 15606 323215 95054 33505 5451 228161 28054
is_linear=0
shrinkage=0.05


Tree=2
num_leaves=63
num_cat=0
split_feature=27 21 22 27 28 25 21 21 17 17 17 23 17 21 21 17 17 17 30 29 28 27 25 21 18 22 22 22 22 25 28 28 18 31 25 17 25 17 25 27 25 28 21 21 25 28 18 18 31 29 27 31 22 22 21 27 31 28 21 28 17 17
split_gain=1.25887 1.13565 0.917373 0.847837 0.817194 0.825925 0.79492 0.795634 0.678118 0.570038 0.566174 0.56164 0.515692 0.514579 0.710481 0.656286 0.550122 0.456695 0.415618 0.407542 0.400132 0.726187 0.727029 0.434038 0.372201 0.347975 0.470406 0.422457 0.34754 0.344614 0.387001 0.938339 0.379702 0.337209 0.329735 0.534704 0.339259 0.325084 0.794132 0.409895 0.343973 0.516795 0.422356 0.396525 0.310456 0.376028 0.355446 0.309395 0.306605 0.304108 0.286795 0.277099 0.273091 0.315189 0.282284 0.34694 0.294482 0.268753 0.256405 0.254554 0.253534 0.244064
threshold=0.0024576656011196791 -0.58846153846153826 3.5475148327448776 0.0071844850255812507 0.028013880468735871 -0.30962040087168136 0.12186424003935072 0.32852661404573985 -0.076910748272062776 1.1746794871794874 -0.63185164985001341 0.80830004350749529 -0.52671211160431175 -0.7875255733821469 -0.66123550579768076 0.04999999999999994 -1.3907738095238098 1.1836597675603096 31.154904728299226 -0.5462233169129721 0.0052355168105977712 -0.00011503941687726874 -2.7604258039344365 1.3148881789137383 0.89181286549707617 -1.0031948881789134 -1.1935979356107151 -1.1164039494197122 -0.25458829365079355 4.2914212319053187 -0.00033700980926858079 0.00050256756762581233 -1.0000000180025095e-35 13.97913732853492 -4.438144503100875 0.25288193180439272 -26.909608070206357 1.0357537031658439 -12.536096246187235 -9.9707883701137954e-05 -22.783860042086236 0.012422287460322522 0.25074475826624826 -0.56310679611650483 26.083454177739945 0.001385409721100432 -0.024143985952589989 -0.033771225817352361 -4.9956896551724128 -1.097268016957136 0.00032620128070809823 -6.0544848035581902 -0.079141551361174581 0.022248803827751133 -0.050188654696851409 -0.00054050144814747657 -2.2928921568627447 -0.013098241478517691 -1.0000000180025095e-35 -0.061743893558593561 1.0357537031658439 -0.11255037420840526
decision_type=2 2 2 2 2 2 2 2 2 2 2 2 2 2 2 2 2 2 2 2 2 2 2 2 2 2 2 2 2 2 2 2 2 2 2 2 2 2 2 2 2 2 2 2 2 2 2 2 2 2 2 2 2 2 2 2 2 2 2 2 2 2
left_child=2 3 4 -2 9 8 10 48 12 11 59 13 -6 15 -15 -1 47 -11 20 -14 23 -22 -23 -19 25 26 -18 -28 -13 30 60 32 -32 -31 35 -9 -37 40 39 -39 41 42 43 -27 46 51 -42 57 -8 52 -44 -46 54 -54 56 61 -45 -16 -10 -3 -12 -56
right_child=1 6 -4 -5 5 -7 7 34 58 17 29 28 19 14 16 -17 24 18 -20 -21 21 22 -24 -25 -26 37 27 -29 -30 33 31 -33 -34 -35 -36 36 -38 38 -40 -41 44 -43 50 49 45 -47 -48 -49 -50 -51 -52 -53 53 -55 55 -57 -58 -59 -60 -61 -62 -63
leaf_value=0.00034357636116154002 0.00062352363246256058 0.0012135547999847394 0.003167864265541236 0.0024953720806781873 -0.00099039623069901712 -9.8139823914201967e-06 -0.00051028308133287028 0.0005295265538748403 0.00099686770818489443 0.00085329803726876246 -0.00035552068649961861 -5.6047496395237754e-05 -0.004167207299479149 -0.00038894681303439332 0.0015742114970954983 0.0026914619027198342 -7.8255558926732861e-05 0.00017927686018942882 0.0006156219442700389 -0.0014494575267045072 -1.3022784778651621e-05 -0.0022079523256213632 -1.2776841872704715e-05 -0.0012403279787018761 0.00069025439743431556 0.00071375765552567365 -0.0017069714270824517 -0.00043976019988080053 0.0016244220140714727 0.0001714025919812405 -0.00010098022741744319 -0.00031775987149659991 0.0011415776152147101 -0.0014786798135993729 0.00034159992271786852 -0.00031490629410603238 -0.0025413339645183443 -0.0011945230543983672 -1.4665014117748853e-05 -0.0036956866423525679 -0.00016326698560205309 -0.00066846358979484328 0.00025892713820492504 -0.0011620026901909661 -0.00040245872387642719 0.00030206146110960423 -4.0430704822366558e-05 0.00045495911984558149 0.0010137121960953888 0.00017231984354754994 0.00094873997360195067 4.9688980119228693e-05 0.00015744596757453686 -0.00029560745475406256 -0.000229231453158183 0.00020357500427843926 0.00071713248551142912 -2.0451262483092801e-05 -0.00090012279765419156 0.00035536729018392305 -0.0015478234221939745 -0.0011183841873744322
leaf_weight=3314 1960 985 225 875 440 2223 350 519 216 2227 7269 491 402 14336 273 327 4930 27977 3793 210 6194 847 680 549 1728 2181 1009 1889 824 18125 869 5702 2102 315 2171 299 400 785 2219 207 75108 2231 5031 1468 4198 13035 272784 8723 5784 19835 2151 17574 12858 5473 2385 3175 243 8210 1016 7039 475 1141
leaf_count=3314 1960 985 225 875 440 2223 350 519 216 2227 7269 491 402 14336 273 327 4930 27977 3793 210 6194 847 680 549 1728 2181 1009 1889 824 18125 869 5702 2102 315 2171 299 400 785 2219 207 75108 2231 5031 1468 4198 13035 272784 8723 5784 19835 2151 17574 12858 5473 2385 3175 243 8210 1016 7039 475 1141
internal_value=-7.44639e-07 0.000226546 -2.41192e-05 0.00120125 -2.54569e-05 -0.000695894 0.000173815 0.000587048 -0.00136365 -1.97813e-05 8.20445e-05 -3.49744e-05 -0.00229599 -3.77504e-05 -4.21945e-05 0.000554441 -3.16368e-05 0.0001564 0.000117639 -0.00323465 6.55282e-05 -0.000253787 -0.0012304 0.000151956 -4.21623e-05 -4.49629e-05 -0.000375427 -0.000880967 0.000996962 -5.12467e-06 -0.000171744 5.76476e-05 0.000778137 0.000143215 -2.78114e-05 -0.000686261 -0.00158897 -3.91377e-05 -0.000540408 -0.00171644 -3.54868e-05 7.77919e-05 0.000107554 5.48258e-05 -5.27057e-05 8.96683e-05 -6.69504e-05 0.000245871 0.000926755 2.39715e-05 0.000465525 -3.74925e-05 -8.60569e-05 2.21799e-05 -0.000321921 -0.000175562 -0.000895124 3.08682e-05 -0.000567534 0.000460716 -0.000428654 -0.000516958
internal_weight=592374 55239 537135 2835 536910 4507 52404 9523 2284 532403 42881 490136 1052 488821 485180 3641 470844 42267 40040 612 36247 7721 1527 28526 453638 451910 7828 2898 1315 34857 16417 8673 2971 18440 3389 1218 699 444082 3211 992 440871 58172 55941 48759 382699 34807 347892 17206 6134 46578 7182 21772 26743 18331 8412 6701 1711 8483 1232 8024 7744 3526
internal_count=592374 55239 537135 2835 536910 4507 52404 9523 2284 532403 42881 490136 1052 488821 485180 3641 470844 42267 40040 612 36247 7721 1527 28526 453638 451910 7828 2898 1315 34857 16417 8673 2971 18440 3389 1218 699 444082 3211 992 440871 58172 55941 48759 382699 34807 347892 17206 6134 46578 7182 21772 26743 18331 8412 6701 1711 8483 1232 8024 7744 3526
is_linear=0
shrinkage=0.05


Tree=3
num_leaves=63
num_cat=0
split_feature=0 27 18 22 22 18 0 0 17 18 17 1 18 17 0 17 23 24 24 22 0 17 27 23 20 29 0 22 17 17 27 17 18 18 17 17 22 22 27 0 26 31 24 27 18 26 18 26 18 24 18 22 0 31 22 23 20 20 27 17 0 18
split_gain=2.41795 2.30117 1.40262 1.59841 1.53448 0.784886 0.728195 0.510509 0.496504 0.462369 1.21091 0.656409 0.552479 0.585582 0.458597 0.430425 0.419966 0.379548 0.376284 0.372374 0.35073 0.326587 0.323879 0.322187 0.337296 0.320099 0.304201 0.299011 0.682751 0.386947 0.318717 0.320134 0.294844 0.303147 0.347897 0.559649 0.382782 0.438726 0.275847 0.272594 0.300402 0.272154 0.269734 0.264559 0.261374 0.254985 0.254293 0.269543 0.252146 0.26167 0.248419 0.247992 0.649123 0.749879 0.718887 0.458245 0.420184 1.17565 0.328434 0.297067 0.289991 0.345141
threshold=-133276.25062457903 0.0033081165876025528 2.4325458636206303 -0.097982216142270859 -0.024800163968026243 2.2491416918351024 -286734.61144910654 112386.44136774873 -1.4299406663623913 0.46769509981851187 1.7476190476190483 1.0000000180025095e-35 -0.16515151515151508 2.5411473788328389 -192923.04718553679 3.187261222540593 0.95324643782383434 7.7515393366780794 -17.724586531135241 1.0000000180025095e-35 -239036.04248149777 -0.36193214491086817 -0.00047547195079324431 -0.38995229576624918 -0.13423423423423439 11.54765840220386 -201560.46740774121 -0.46906035141329261 -0.61027955095751707 -1.3907738095238098 -0.0030642018351960862 -0.39541871921182253 1.0000000180025095e-35 -0.041219530049044696 0.18231401186672744 0.18571428571428564 0.19564877743926259 0.34445680385613647 -0.00025049477398295621 -172161.1824954183 -15.517870680840039 13.611735330836456 27.463701241693805 0.00069354521689604187 -0.033644977360389058 -9.5825478415375134 -0.033771225817352361 19.6735117843632 -1.0000000180025095e-35 -26.469026855780253 -1.0000000180025095e-35 0.031676413255360643 -49142.003879219526 -8.4339257233994065 0.071794871794871665 1.0000000180025095e-35 0.38794304287262033 0.40563702151971065 -9.9707883701137954e-05 1.1746794871794874 -20315.473713509953 -0.45797351755900967
decision_type=2 2 2 2 2 2 2 2 2 2 2 2 2 2 2 2 2 2 2 2 2 2 2 2 2 2 2 2 2 2 2 2 2 2 2 2 2 2 2 2 2 2 2 2 2 2 2 2 2 2 2 2 2 2 2 2 2 2 2 2 2 2
left_child=1 2 3 27 14 8 -4 15 23 12 20 18 41 32 -5 -7 17 25 22 -3 -11 45 -12 -2 43 51 -8 28 29 46 -29 44 33 -14 36 -36 42 -38 -33 40 -23 -6 -35 -25 -32 -21 -1 -48 49 -26 -41 56 53 -53 -55 -56 60 -58 -57 -54 61 -10
right_child=5 19 6 4 9 7 26 -9 16 10 11 -13 13 -15 -16 -17 -18 -19 -20 21 -22 39 -24 24 48 -27 -28 30 -30 -31 31 38 -34 34 35 -37 37 -39 -40 50 -42 -43 -44 -45 -46 -47 47 -49 -50 -51 -52 52 59 54 55 58 57 -59 -60 -61 -62 -63
leaf_value=-0.00025169511625238974 0.0010703472978099082 0.00097989498930236641 -0.0038834863070398569 0.0022670220386506183 0.00076469603919991213 0.00098502501674002175 -0.0016495314726130183 0.0022155614546286446 -0.00047551524114430329 0.0035026582291954934 0.00045569312754115159 -0.0012172098009803807 -0.00070520929310011551 0.002069798782802577 0.0010527422597723882 -0.00081587248519938624 0.0020524140703223966 1.9457605425031014e-05 0.00016357673275262303 0.0042064148703599312 0.0014532295068266175 0.0004764993500534577 0.0024498963016921131 0.00025888191671647772 0.0012015604191160352 0.00013010185725879751 0.00021250353154718309 -0.0023828434262870564 0.00094393165881081424 -0.00073786623731998896 0.00035894396012289061 -0.00055087432644014664 -0.0017458006223274301 -6.2597754143108527e-05 0.0014462888245953892 0.00017646787823469482 -0.0024269693936087135 -0.00025040556599470828 0.00042474351776361751 0.0020069087335691112 0.0026544366621510701 0.0025634621412401822 0.0012909752431245561 0.0011751945456566248 -0.0012703346913134526 0.0020395002214183265 0.00030075077206804802 0.0021503036180524951 0.00025110115848689488 -0.00018991026795815681 0.0001613733224317542 -0.0032043018824576088 -0.00010843990809194549 -0.0030856229343976926 -0.00026520507306048374 -0.00082584695759229927 -0.0044304483407987885 -0.00035478386759480433 -0.0029159737315597595 0.00018459475017265035 -0.00010128829371351171 2.6890040059968985e-05
leaf_weight=2018 1016 2522 250 966 1484 1152 498 562 3533 237 426 691 1206 358 3986 466 239 162504 2365 226 1752 209 390 1985 353 18487 392 216 1523 2359 301 1576 232 5048 1052 4953 359 652 1341 288 653 245 397 1306 1351 340 1059 242 9152 7881 497 228 69404 234 27634 731 201 1478 253 9880 123612 105423
leaf_count=2018 1016 2522 250 966 1484 1152 498 562 3533 237 426 691 1206 358 3986 466 239 162504 2365 226 1752 209 390 1985 353 18487 392 216 1523 2359 301 1576 232 5048 1052 4953 359 652 1341 288 653 245 397 1306 1351 340 1059 242 9152 7881 497 228 69404 234 27634 731 201 1478 253 9880 123612 105423
internal_value=-7.07406e-07 0.000353056 0.000229455 0.000280264 0.000494928 -2.95529e-05 -0.00149916 0.000917293 -3.33366e-05 0.000314798 0.000694683 0.000179585 0.00017552 7.31569e-05 0.00128962 0.000466349 -4.30435e-05 -4.4e-05 0.000483007 0.00139525 0.00169743 0.0018686 0.0014088 0.000201065 0.000158351 -7.25576e-05 -0.000829399 -0.000199695 3.87853e-06 -0.00024827 -0.000506055 -0.000417329 2.17289e-05 5.17331e-05 0.000124991 0.000398924 -0.000129805 -0.00102329 -0.000102364 0.00151252 0.00212638 0.00101958 3.60925e-05 0.000622511 -0.000973475 0.00290473 9.97131e-05 0.000644788 7.04904e-05 -0.000130256 0.000838461 -8.34929e-05 -0.000146036 -0.000348099 -0.000325528 -0.00030296 -5.456e-05 -0.000842698 -0.00136325 -7.19233e-05 -4.88701e-05 1.05991e-05
internal_weight=592374 44660 39925 38785 26799 547714 1140 2180 545534 21847 5861 3872 15986 14257 4952 1618 523841 523602 3181 4735 1989 2213 816 21693 20677 361098 890 11986 7201 5678 4785 4569 13899 13667 12461 6005 6456 1011 2917 1647 862 1729 5445 3291 1652 566 3319 1301 17386 8234 785 342611 108364 29080 28852 28618 234247 1679 984 79284 232568 108956
internal_count=592374 44660 39925 38785 26799 547714 1140 2180 545534 21847 5861 3872 15986 14257 4952 1618 523841 523602 3181 4735 1989 2213 816 21693 20677 361098 890 11986 7201 5678 4785 4569 13899 13667 12461 6005 6456 1011 2917 1647 862 1729 5445 3291 1652 566 3319 1301 17386 8234 785 342611 108364 29080 28852 28618 234247 1679 984 79284 232568 108956
is_linear=0
shrinkage=0.05


end of trees

feature_importances:
derived__derived__drawdown=30
fema__disasters_10yr_severe_storm=29
fema__disasters_10yr_count=28
fema__disasters_10yr_other=28
nri__wildfire_risk=26
fema__disasters_10yr_fire=23
zhvi_t=21
derived__derived__vol_24m=21
fema__disasters_10yr_tornado=12
fema__disasters_10yr_hurricane=8
nri__flood_risk_combined=7
afdc__afdc__dcfc_ports=6
nri__composite_risk=4
afdc__afdc__station_count=3
fred__mortgage_30y=1
afdc__afdc__l2_ports=1

parameters:
[boosting: gbdt]
[objective: regression]
[metric: rmse]
[tree_learner: serial]
[device_type: cpu]
[data_sample_strategy: bagging]
[data: ]
[valid: ]
[num_iterations: 1500]
[learning_rate: 0.05]
[num_leaves: 63]
[num_threads: 0]
[seed: 0]
[deterministic: 0]
[force_col_wise: 0]
[force_row_wise: 0]
[histogram_pool_size: -1]
[max_depth: -1]
[min_data_in_leaf: 200]
[min_sum_hessian_in_leaf: 0.001]
[bagging_fraction: 0.8]
[pos_bagging_fraction: 1]
[neg_bagging_fraction: 1]
[bagging_freq: 5]
[bagging_seed: 3]
[bagging_by_query: 0]
[feature_fraction: 0.8]
[feature_fraction_bynode: 1]
[feature_fraction_seed: 2]
[extra_trees: 0]
[extra_seed: 6]
[early_stopping_round: 0]
[early_stopping_min_delta: 0]
[first_metric_only: 0]
[max_delta_step: 0]
[lambda_l1: 0]
[lambda_l2: 0]
[linear_lambda: 0]
[min_gain_to_split: 0]
[drop_rate: 0.1]
[max_drop: 50]
[skip_drop: 0.5]
[xgboost_dart_mode: 0]
[uniform_drop: 0]
[drop_seed: 4]
[top_rate: 0.2]
[other_rate: 0.1]
[min_data_per_group: 100]
[max_cat_threshold: 32]
[cat_l2: 10]
[cat_smooth: 10]
[max_cat_to_onehot: 4]
[top_k: 20]
[monotone_constraints: ]
[monotone_constraints_method: basic]
[monotone_penalty: 0]
[feature_contri: ]
[forcedsplits_filename: ]
[refit_decay_rate: 0.9]
[cegb_tradeoff: 1]
[cegb_penalty_split: 0]
[cegb_penalty_feature_lazy: ]
[cegb_penalty_feature_coupled: ]
[path_smooth: 0]
[interaction_constraints: ]
[verbosity: -1]
[saved_feature_importance_type: 0]
[use_quantized_grad: 0]
[num_grad_quant_bins: 4]
[quant_train_renew_leaf: 0]
[stochastic_rounding: 1]
[linear_tree: 0]
[max_bin: 255]
[max_bin_by_feature: ]
[min_data_in_bin: 3]
[bin_construct_sample_cnt: 200000]
[data_random_seed: 1]
[is_enable_sparse: 1]
[enable_bundle: 1]
[use_missing: 1]
[zero_as_missing: 0]
[feature_pre_filter: 1]
[pre_partition: 0]
[two_round: 0]
[header: 0]
[label_column: ]
[weight_column: ]
[group_column: ]
[ignore_column: ]
[categorical_feature: ]
[forcedbins_filename: ]
[precise_float_parser: 0]
[parser_config_file: ]
[objective_seed: 5]
[num_class: 1]
[is_unbalance: 0]
[scale_pos_weight: 1]
[sigmoid: 1]
[boost_from_average: 1]
[reg_sqrt: 0]
[alpha: 0.9]
[fair_c: 1]
[poisson_max_delta_step: 0.7]
[tweedie_variance_power: 1.5]
[lambdarank_truncation_level: 30]
[lambdarank_norm: 1]
[label_gain: ]
[lambdarank_position_bias_regularization: 0]
[eval_at: ]
[multi_error_top_k: 1]
[auc_mu_weights: ]
[num_machines: 1]
[local_listen_port: 12400]
[time_out: 120]
[machine_list_filename: ]
[machines: ]
[gpu_platform_id: -1]
[gpu_device_id: -1]
[gpu_use_dp: 0]
[num_gpu: 1]

end of parameters

pandas_categorical:[]
