tree
version=v4
num_class=1
num_tree_per_iteration=1
label_index=0
max_feature_idx=62
objective=regression
feature_names=zhvi_t zori_t rent_yield_t fred__mortgage_30y fred__real_rate_10y fred__m2_sa fred__treasury_10y fred__case_shiller_us fred__lumber fred__unemployment_us fred__mortgage_30y_d1m fred__mortgage_30y_d3m fred__mortgage_30y_d12m fred__real_rate_10y_d1m fred__real_rate_10y_d3m fred__real_rate_10y_d12m fred__treasury_10y_d1m fred__treasury_10y_d3m fred__treasury_10y_d12m rdc__median_dom rdc__median_listing_price rdc__active_listing_count rdc__new_listing_count rdc__price_reduced_count rdc__pending_listing_count rdc__median_listing_price_per_sqft acs__total_pop acs__median_household_income acs__median_home_value acs__median_gross_rent acs__owner_occupied_units acs__occupied_units_total acs__pop_25_29 acs__pop_30_34 acs__pop_35_39 acs__pop_40_44 acs__bachelors_or_higher_pct acs__owner_occupied_pct acs__age_28_38_share fema__disasters_10yr_count fema__disasters_10yr_fire fema__disasters_10yr_flood fema__disasters_10yr_hurricane fema__disasters_10yr_other fema__disasters_10yr_severe_storm fema__disasters_10yr_tornado nri__flood_risk_combined nri__wildfire_risk nri__composite_risk derived__yield_gross derived__vol_24m derived__drawdown afdc__station_count afdc__l2_ports afdc__dcfc_ports wiki__wiki_pageviews cms__hospital_count cms__mean_star_rating cms__pct_with_4plus_stars mit__dem_vote_share mit__rep_vote_share mit__margin elec__elec_residential_cents_per_kwh
feature_infos=[27957.811686564222:5457263.973225926] [517.49561559666631:20261.074491806135] [0.0064569311591119432:0.27983169598072183] [3.4199999999999999:4.3200000000000003] [-0.029999999999999999:0.72999999999999998] [11717.6:13843.5] [1.46:2.4500000000000002] [168.036:195.91300000000001] [191.80000000000001:224.59999999999999] [4.2000000000000002:5.7000000000000002] [-0.21999999999999975:0.56000000000000005] [-0.33000000000000007:0.90000000000000036] [-0.71000000000000041:0.54000000000000004] [-0.45999999999999996:0.32000000000000001] [-0.56999999999999995:0.5] [-0.65000000000000002:0.51000000000000001] [-0.48999999999999999:0.53000000000000003] [-0.67000000000000015:0.85000000000000009] [-0.98999999999999999:0.83999999999999986] [3:279] [32625:6495000] [1:2346] [0:350] [0:628] [0:362] [26:2664] [4049:112317] [12385:174153] [48400:2000001] [484:2736] [423:24499] [2006:43607] [247.92599999999999:16614.884999999998] [111.636:12995.32] [175.36399999999998:9996.2130000000016] [97.340000000000003:9865.8079999999991] [6.0999999999999996:92] [4.2879789660905541:90.763293310463126] [0.037999999999999999:0.37600000000000006] [0:25] [0:23] [0:4] [0:8] [0:4] [0:15] [0:1] [6.3727889303615521:99.025686598675748] [0:98.665889280989759] [1.4030557702933231:98.497299498825967] [0.0064569311591119432:0.27983169598072183] [0.00056636293840968627:0.026903951456442577] [-0.55141658700661866:0] [1:246] [0:572] [0:155] [28:311301] [1:88] [1:5] [0:1] [0.18106361829025844:0.90863821529999866] [0.040874744593083774:0.78031809145129227] [-0.59925447316103375:0.86776347070691495] [7.8700000000000001:23.120000000000001]
tree_sizes=5601 5958 5970 5973 5949 5966 5990 5973 5986 5994 5967 6011 5972

Tree=0
num_leaves=63
num_cat=0
split_feature=28 28 36 50 2 2 2 28 62 39 30 25 2 28 39 25 58 27 51 46 51 2 30 47 36 28 29 18 29 49 56 47 48 2 48 56 1 62 28 47 62 28 29 44 62 56 29 49 58 29 1 36 28 21 23 48 46 56 31 5 28 29
split_gain=25.5551 6.85167 4.91775 3.684 1.51405 1.33516 0.746665 0.66575 0.607498 0.604496 0.581251 0.503803 0.457475 0.404232 0.371641 0.32762 0.324774 0.32213 0.314008 0.297933 0.249482 0.249365 0.246601 0.215137 0.198943 0.189957 0.182357 0.174431 0.153139 0.150095 0.149406 0.137288 0.135266 0.120585 0.119503 0.101789 0.0899756 0.0890175 0.0925212 0.0850882 0.0838633 0.0832426 0.0819464 0.0816184 0.0747225 0.0740764 0.072947 0.0728488 0.0703109 0.0814759 0.0700781 0.0671615 0.0617927 0.0592855 0.0562661 0.0560228 0.0497704 0.0472349 0.0441979 0.0432238 0.0413979 0.0368773
threshold=144350.00000000003 97450.000000000015 40.95000000000001 0.014652777611843497 0.044658470762194417 0.12447122538778732 0.090317500942438789 168050.00000000003 17.440000000000001 21.500000000000004 5609.5000000000009 830.50000000000011 0.023565365746671074 193450.00000000003 7.5000000000000009 657.50000000000011 0.55050505050505061 48444.000000000007 -0.00020062473000498346 76.137328280902253 -1.0000000180025095e-35 0.044418284669450456 5007.0000000000009 7.5335713507927231 23.350000000000005 106850.00000000001 858.50000000000011 -0.20499999999999982 1075.5000000000002 0.041079527215263908 15.500000000000002 49.744453593908325 61.229606438960211 0.053901758103463059 37.618384830227178 5.5000000000000009 1268.2268816311555 12.215000000000002 132350.00000000003 0.040365627634694409 11.875000000000002 286650.00000000006 1294.5000000000002 1.0000000180025095e-35 11.665000000000001 7.5000000000000009 1387.5000000000002 0.036838211343819503 0.61250000000000016 982.50000000000011 977.93720291168358 66.15000000000002 122250.00000000001 212.50000000000003 47.000000000000007 62.064295741610664 61.733468297532077 13.500000000000002 13675.000000000002 12882.200000000003 159350.00000000003 1499.5000000000002
decision_type=2 2 2 2 2 2 2 2 2 2 2 2 2 2 2 2 2 2 2 2 2 2 2 2 2 2 2 2 2 2 2 2 2 2 2 2 2 2 2 2 2 2 2 2 2 2 2 2 2 2 2 2 2 2 2 2 2 2 2 2 2 2
left_child=1 5 7 4 8 10 14 24 12 19 -1 16 46 34 25 -5 39 26 40 22 44 -21 27 -22 31 -3 -8 -9 43 -24 45 -2 48 -27 -6 52 -32 38 -37 -10 -14 53 50 -20 -15 -23 -4 61 49 -26 -31 -42 -35 56 -34 -52 -25 -45 -44 -58 -51 -30
right_child=2 6 3 15 13 -7 17 9 11 -11 -12 -13 18 20 -16 -17 -18 -19 28 21 23 30 29 41 32 33 -28 -29 47 42 36 -33 54 35 -36 37 -38 -39 -40 -41 51 -43 58 57 -46 -47 -48 -49 -50 60 55 -53 -54 -55 -56 -57 59 -59 -60 -61 -62 -63
leaf_value=0.14058988799912994 0.13540365205771684 0.13628294518410153 0.12918269155477391 0.1342063671279401 0.13367273235523922 0.14238393389237139 0.13622681972122783 0.13475181381123444 0.13333506655748159 0.13494031917959498 0.13735335226203038 0.12910796297588295 0.12874013882778593 0.12970299703706931 0.13329479078682765 0.13704038093116272 0.13066052503138906 0.13506737845177205 0.13164601553259031 0.13043984951530221 0.13310584180514834 0.13207409557081357 0.1314611092860152 0.13202844401424435 0.13257999070740889 0.13371049560398054 0.13822327356654343 0.13289687935984273 0.13001042203784638 0.13193338715778771 0.13196686597124185 0.13363888542110255 0.13309269000131171 0.13513386732472574 0.13224653281843857 0.13584092229485509 0.1332091813758135 0.13433524362805768 0.13490360984483646 0.13202310647944257 0.1303784329385802 0.13072297926719484 0.13250694859722492 0.13106355702458353 0.13099216635148828 0.13077930367965246 0.12797992601152802 0.13052156128372125 0.13430116091542083 0.13420870975031246 0.13306276606874784 0.12910566512158395 0.13405606924006552 0.13091824139257019 0.13207106442769634 0.13227837129862011 0.1310077217229447 0.13010749852361425 0.13152229111705968 0.13193598304212398 0.13326686220037295 0.12926410161674132
leaf_weight=215 225 254 223 201 219 349 203 209 220 242 391 224 389 255 374 207 380 231 288 286 204 217 339 621 207 214 262 322 604 218 272 216 401 201 446 569 314 237 490 282 214 369 224 264 201 225 290 621 325 251 1086 201 393 284 203 288 323 253 232 205 218 228
leaf_count=215 225 254 223 201 219 349 203 209 220 242 391 224 389 255 374 207 380 231 288 286 204 217 339 621 207 214 262 322 604 218 272 216 401 201 446 569 314 237 490 282 214 369 224 264 201 225 290 621 325 251 1086 201 393 284 203 288 323 253 232 205 218 228
internal_value=0.132823 0.136175 0.131826 0.131013 0.13077 0.13992 0.135132 0.132852 0.130201 0.13251 0.138502 0.131226 0.129885 0.131622 0.134759 0.135644 0.131763 0.136594 0.130116 0.132371 0.131327 0.131746 0.132652 0.131567 0.133599 0.134991 0.137352 0.133627 0.130418 0.132436 0.132109 0.134539 0.13334 0.134835 0.132716 0.134963 0.132633 0.135211 0.135407 0.132598 0.129268 0.131393 0.132597 0.130971 0.130271 0.131415 0.128503 0.130112 0.133697 0.133406 0.132766 0.129762 0.134421 0.131565 0.132749 0.132898 0.131725 0.130596 0.132006 0.131368 0.133771 0.129806
internal_weight=19119 4383 14736 8216 7808 955 3428 6520 4681 4474 606 1106 3575 3127 2732 408 882 696 3062 4232 2462 1314 2918 2006 2046 2358 465 531 2258 2387 1028 441 1605 2104 665 1890 586 1296 1059 502 804 1802 2048 805 456 442 513 1453 1001 676 1592 415 594 1433 604 1374 1149 517 456 528 469 832
internal_count=19119 4383 14736 8216 7808 955 3428 6520 4681 4474 606 1106 3575 3127 2732 408 882 696 3062 4232 2462 1314 2918 2006 2046 2358 465 531 2258 2387 1028 441 1605 2104 665 1890 586 1296 1059 502 804 1802 2048 805 456 442 513 1453 1001 676 1592 415 594 1433 604 1374 1149 517 456 528 469 832
is_linear=0
shrinkage=1


Tree=1
num_leaves=63
num_cat=0
split_feature=28 28 50 2 2 28 62 2 2 25 48 47 11 42 39 42 38 50 15 39 57 28 28 2 39 47 37 47 37 28 28 49 56 37 24 29 48 57 3 2 47 39 39 28 31 57 52 48 2 56 2 57 37 54 33 62 28 35 48 2 5 35
split_gain=23.0873 6.7199 3.11783 4.08761 1.20498 1.07629 0.896127 0.806336 0.724726 0.611902 0.549325 0.506525 0.417501 0.374309 0.355514 0.329666 0.320335 0.313776 0.276502 0.276061 0.235683 0.215944 0.180227 0.171741 0.160598 0.156526 0.149571 0.147517 0.143724 0.135776 0.123063 0.122014 0.138736 0.118953 0.0979176 0.0878829 0.084858 0.0759873 0.075987 0.0724963 0.109056 0.0616845 0.0616444 0.0592863 0.0627816 0.0575575 0.0560362 0.0547318 0.0493563 0.0478675 0.0478109 0.0457382 0.0449692 0.0447972 0.0416122 0.035289 0.0322537 0.0316345 0.0311558 0.0299496 0.0334335 0.0293635
threshold=149250.00000000003 97450.000000000015 0.014652777611843497 0.045804269430545393 0.12447122538778732 192450.00000000003 17.545000000000005 0.084826541140012438 0.029324427339433599 939.50000000000011 32.29791560701721 26.441027773562048 -0.15999999999999989 1.0000000180025095e-35 8.5000000000000018 1.0000000180025095e-35 0.12250000000000004 0.0099096577138123604 -0.074999999999999997 8.5000000000000018 2.8928571428571432 265650.00000000006 117450.00000000001 0.021748734020547403 7.5000000000000009 4.7638941496825717 30.478821538857026 4.7638941496825717 66.913788430956359 163150.00000000003 313850.00000000006 0.053182661152860682 7.5000000000000009 56.455873184659467 81.500000000000014 1077.5000000000002 51.406969497549518 3.4642857142857149 3.9450000000000007 0.05639411496722941 36.164477202937114 7.5000000000000009 6.5000000000000009 277450.00000000006 13437.500000000002 3.3611111111111116 11.500000000000002 33.467063979626495 0.072698857166033123 9.5000000000000018 0.029985527237091584 3.2613636363636371 72.416291356368049 10.500000000000002 3497.4740000000006 13.910000000000002 133350.00000000003 2461.4485000000009 36.602866276501686 0.053270594985979476 12827.250000000002 2906.1070000000004
decision_type=2 2 2 2 2 2 2 2 2 2 2 2 2 2 2 2 2 2 2 2 2 2 2 2 2 2 2 2 2 2 2 2 2 2 2 2 2 2 2 2 2 2 2 2 2 2 2 2 2 2 2 2 2 2 2 2 2 2 2 2 2 2
left_child=1 4 3 6 10 19 8 14 23 17 -1 26 -4 34 22 20 -9 18 27 29 -10 42 48 -2 49 -17 -7 -8 43 36 41 -24 56 51 37 -25 54 59 50 -31 -41 -27 47 44 -22 -35 -28 -15 -3 -18 -20 -34 -21 -32 -5 -37 -33 -38 -39 60 -13 -42
right_child=2 7 12 5 -6 11 9 16 15 -11 -12 13 -14 21 -16 25 24 -19 38 52 28 -23 31 35 -26 30 46 -29 -30 39 53 32 33 45 -36 55 57 58 -40 40 61 -43 -44 -45 -46 -47 -48 -49 -50 -51 -52 -53 -54 -55 -56 -57 -58 -59 -60 -61 -62 -63
leaf_value=0.0072933684510392552 -0.0043886388746263924 0.0021100909691625269 0.0010016606663674455 0.00096547145802265634 0.0090635171153430529 0.0012202835674590827 0.00076960697645689303 0.0048232291665231981 -0.0026209759325473304 -0.0037101628374950086 0.0041938131108880039 -0.001704238796353759 0.0039014928142419498 -0.0017319472343796547 -0.00014395311704412021 -0.001275140241669564 0.0026932945589791856 0.00046888147946016323 -0.0027332968386305071 -0.00041016410239503426 5.3982176000686565e-05 -0.0024866809361819742 0.00046378142536033265 -0.0022468866556788042 0.0016778827193868315 -0.001866020496755225 -0.00064502131003041786 -0.0011135178686088423 -0.0021398516752889184 -0.00030366829679325392 -0.0028254816576140005 0.0014443268986956647 0.0030885241850369819 0.0010619731416227297 0.0004033751165112389 -0.0036470640813870015 6.2191348027254483e-06 0.00018846221851608969 -0.00099305542836939514 0.0012191492339656126 -0.00021786054491525827 -0.0029130817632595043 -0.0018989223646185068 -0.001394664389677235 -0.0010438643100288963 0.0020262032227757981 0.00031842349092066027 -0.00083012514136314094 0.003020762709215038 0.0035659569423542557 -0.0017306463736827264 0.0021385252405086469 -0.001417897243338663 -0.0035489683170220193 0.0018775558367154178 -0.0028613796313939413 0.00065618096912281728 0.00074598379713543327 -0.00068646873035777846 -0.00063343376582975202 -0.00085803021988095467 0.00033267839666624362
leaf_weight=231 374 327 204 307 349 229 207 233 417 201 375 266 317 236 269 204 290 380 202 226 222 606 235 221 254 418 388 209 335 560 500 235 225 322 203 452 231 204 203 297 379 212 329 399 315 298 247 586 273 343 289 290 217 374 211 209 290 386 203 226 208 671
leaf_count=231 374 327 204 307 349 229 207 233 417 201 375 266 317 236 269 204 290 380 202 226 222 606 235 221 254 418 388 209 335 560 500 235 225 322 203 452 231 204 203 297 379 212 329 399 315 298 247 586 273 343 289 290 217 374 211 209 290 386 203 226 208 671
internal_value=-1.92209e-05 0.00296555 -0.00103066 -0.00117442 0.00672316 -0.000377394 -0.00210628 0.00204162 -0.00246459 -0.00112055 0.00537533 -0.000944547 0.00276605 -0.00124579 0.00158303 -0.00208506 0.00317337 -0.000771218 -0.00119576 0.000262342 -0.00158952 -0.00172275 0.00176923 -0.00349078 0.00273998 -0.0025748 0.0001248 -0.000176482 -0.00125111 0.000432164 -0.00275108 0.00153011 0.00168106 0.00199194 -0.000606088 -0.00311005 0.000865155 -0.000791202 -0.00180673 0.000174458 0.000373233 -0.00221836 -0.00132054 -0.000933017 -0.000590006 0.00152543 -0.000270264 -0.00108904 0.00252445 0.00316616 -0.00214314 0.00255357 -0.000903794 -0.00313507 0.001337 -0.00339864 0.00100897 0.000469022 -0.000247928 -0.00110708 -0.00133291 0.00013396
internal_weight=19119 4839 14280 13759 955 7416 6343 3884 4652 1691 606 3931 521 3067 2764 3396 1120 1490 1110 3485 1688 1757 2495 1256 887 1708 864 416 1271 3042 1504 1895 1660 1135 1310 882 1135 1107 694 1907 1347 630 1151 936 537 620 635 822 600 633 491 515 443 874 518 661 525 617 407 700 474 1050
internal_count=19119 4839 14280 13759 955 7416 6343 3884 4652 1691 606 3931 521 3067 2764 3396 1120 1490 1110 3485 1688 1757 2495 1256 887 1708 864 416 1271 3042 1504 1895 1660 1135 1310 882 1135 1107 694 1907 1347 630 1151 936 537 620 635 822 600 633 491 515 443 874 518 661 525 617 407 700 474 1050
is_linear=0
shrinkage=0.05


Tree=2
num_leaves=63
num_cat=0
split_feature=2 36 27 50 2 27 36 36 36 32 24 2 50 51 2 2 27 50 51 62 56 36 27 2 37 5 32 27 56 2 56 44 32 21 30 42 2 32 57 48 56 2 48 62 36 40 30 42 57 48 36 1 2 44 62 2 42 31 8 37 48 27
split_gain=18.1245 5.23987 5.21494 3.07761 1.39008 1.16979 1.14131 1.00578 0.586385 0.467574 0.38515 0.361192 0.438202 0.331203 0.308731 0.306434 0.216734 0.216172 0.211124 0.210149 0.20474 0.197612 0.183233 0.182171 0.182433 0.178972 0.149378 0.193358 0.135374 0.131039 0.112643 0.104633 0.106467 0.103286 0.0936133 0.0803162 0.0789918 0.0776129 0.0765033 0.0703843 0.0697903 0.0694063 0.0654695 0.0644951 0.0620533 0.0566372 0.0531126 0.0493808 0.0469938 0.0446324 0.0419642 0.0411766 0.04451 0.0407164 0.0395835 0.035866 0.0344581 0.0335852 0.0334225 0.0323447 0.0320208 0.0314121
threshold=0.072355197154345643 40.95000000000001 38371.000000000007 0.015315486298997911 0.13531345226974792 48444.000000000007 55.650000000000013 23.350000000000005 19.850000000000005 3117.5105000000008 72.500000000000014 0.056106153884536075 0.011239744454495177 -0.00028602861331306068 0.087662420234005126 0.054061340772080115 56221.500000000007 0.0084995033137456478 -4.9902737161156001e-05 17.545000000000005 40.000000000000007 35.350000000000001 62136.500000000007 0.044418284669450456 59.993778367040548 12045.100000000002 4051.3895000000007 40170.500000000007 24.500000000000004 0.028493846109588442 6.5000000000000009 1.0000000180025095e-35 3963.3710000000005 201.50000000000003 4501.5000000000009 3.5000000000000004 0.03124528781954913 4236.1595000000007 3.7007672634271107 37.434190831627411 28.500000000000004 0.037447103581209083 44.053895366497031 14.625000000000002 27.750000000000004 1.0000000180025095e-35 8638.0000000000018 1.5000000000000002 2.9750000000000005 61.837648944680822 27.350000000000005 1600.2553312549524 0.044848494616824053 1.0000000180025095e-35 11.565000000000003 0.083763579499526356 1.0000000180025095e-35 14888.500000000002 204.10000000000002 60.458922576892867 45.053658024433886 75539.500000000015
decision_type=2 2 2 2 2 2 2 2 2 2 2 2 2 2 2 2 2 2 2 2 2 2 2 2 2 2 2 2 2 2 2 2 2 2 2 2 2 2 2 2 2 2 2 2 2 2 2 2 2 2 2 2 2 2 2 2 2 2 2 2 2 2
left_child=1 7 4 6 8 14 15 10 9 -2 26 12 23 19 44 17 30 18 -3 36 25 33 -17 31 42 -15 27 -1 -28 37 -13 -9 -33 40 -20 48 -8 -27 49 -16 45 -36 -25 51 57 55 -43 58 -18 -24 -32 52 56 -44 -38 -7 -31 -4 -26 -48 -52 -50
right_child=2 3 5 -5 -6 21 13 11 -10 -11 -12 16 -14 20 39 22 35 -19 34 -21 -22 -23 38 24 47 29 28 -29 -30 43 50 32 -34 -35 41 -37 54 -39 -40 -41 -42 46 53 -45 -46 -47 59 -49 61 -51 60 -53 -54 -55 -56 -57 -58 -59 -60 -61 -62 -63
leaf_value=0.0026514967781911545 0.0077694270320517837 -0.0028107842409976179 0.0023024742636149806 0.0028152892782389205 0.00903716989568773 0.0012201850400258302 -0.0041573991883153754 -0.0007319210624250229 0.0033103751335739765 0.0046242900398535455 0.0028050380922766327 7.8913759520283575e-05 0.0017248108327767115 -0.0010084106660995975 0.0046293180166416007 0.0003139524025835412 -0.00056974635072983807 -0.00013251358096393699 -0.0007721965180718189 -0.001874375494300551 -0.0036077247284993065 4.7642714145529852e-07 -0.0010078343648033657 0.00071244289377956466 -0.00099266426366608949 -0.0033552955219451086 -0.00025514803463011054 0.00080932606168557502 0.0012340873675865999 -0.0017433498761030416 0.00062141979916352855 -0.0026577565342904563 -0.0011076827171372344 0.00038323422769059997 -0.0021474212953789366 -0.001011848487721299 -0.0036998648649420249 -0.0022058821422654569 -0.00030958909537338484 0.0034619285853440384 0.0021360728721363498 -0.0010949943028126438 0.00016278626481412283 -0.0013326902562288568 0.0016336679413913328 0.0007015377202685731 -0.0011772185583158361 -0.0014524615612413326 0.00034516399282209125 -0.0019656024778147039 0.0018610602142856009 -0.0027464247450118486 -0.0014546134829402481 -0.00074687120325215282 -0.0028022125616281048 0.0020805758229270259 -0.0025189575702256953 0.0031368290997618713 -0.00030444214729209636 -0.0018983450156084009 0.0010575273323320288 -0.00031077451047336268
leaf_weight=214 212 377 289 362 267 290 378 420 344 267 329 339 200 331 216 363 250 235 343 217 244 374 291 308 361 354 380 426 255 224 228 208 237 251 544 209 220 251 232 321 315 543 299 289 215 291 204 269 794 209 237 243 255 209 278 208 397 207 345 654 260 237
leaf_count=214 212 377 289 362 267 290 378 420 344 267 329 339 200 331 216 363 250 235 343 217 244 374 291 308 361 354 380 426 255 224 228 208 237 251 544 209 220 251 232 321 315 543 299 289 215 291 204 269 794 209 237 243 255 209 278 208 397 207 345 654 260 237
internal_value=-1.82598e-05 -0.000818482 0.00294337 -0.00168993 0.00590229 0.00185999 -0.0019024 0.000180194 0.00488526 0.00601629 0.00127979 -0.000145824 -0.000532166 -0.00253755 0.00302659 -0.00131716 0.000286201 -0.00158625 -0.00171444 -0.00326736 -0.00222933 0.00101793 -0.000604521 -0.000702119 -0.000414342 -0.00208585 0.000886219 0.0014253 0.000342891 -0.00226301 0.000831263 -0.00129797 -0.00183221 0.00129876 -0.00153379 -0.000103024 -0.00361242 -0.00287843 -0.00105999 0.00393149 0.00150691 -0.0016681 0.000137266 -0.00199857 0.00234315 0.00125572 -0.00148198 -0.000875996 4.52538e-05 -0.00140818 0.00118305 -0.00217055 -0.0020108 -0.000211463 -0.00319877 0.00157955 -0.00223919 0.00265068 -0.000656352 -0.00172689 0.0014407 0.000194381
internal_weight=19119 15052 4067 8038 1090 2977 7676 7014 823 479 1604 5410 2856 3681 1248 3995 2554 2900 2665 1093 2588 1729 1095 2656 1791 2344 1275 640 635 2013 1064 865 445 1355 2288 1490 876 605 732 537 1104 1945 816 1408 711 789 1401 975 1281 500 725 1119 876 508 498 498 621 496 706 858 497 1031
internal_count=19119 15052 4067 8038 1090 2977 7676 7014 823 479 1604 5410 2856 3681 1248 3995 2554 2900 2665 1093 2588 1729 1095 2656 1791 2344 1275 640 635 2013 1064 865 445 1355 2288 1490 876 605 732 537 1104 1945 816 1408 711 789 1401 975 1281 500 725 1119 876 508 498 498 621 496 706 858 497 1031
is_linear=0
shrinkage=0.05


Tree=3
num_leaves=63
num_cat=0
split_feature=36 49 50 49 49 49 27 36 27 36 39 51 49 50 24 37 62 50 49 39 52 49 36 47 50 50 39 27 51 49 38 51 27 56 49 55 21 48 31 29 32 62 62 49 36 27 49 39 29 35 8 52 62 29 48 5 29 27 48 35 55 39
split_gain=15.6999 7.54828 2.5136 2.52837 1.33509 1.31569 0.768827 0.714317 0.636946 0.530933 0.488381 0.426465 0.32055 0.310706 0.264048 0.252977 0.251412 0.239715 0.225293 0.182825 0.16301 0.159709 0.154966 0.217357 0.146821 0.132153 0.129565 0.126425 0.121966 0.116151 0.112186 0.126457 0.104624 0.104044 0.0892508 0.109934 0.0818217 0.0794388 0.0756565 0.0687259 0.0685713 0.0658325 0.0619267 0.0574235 0.0561871 0.0521723 0.0516668 0.0894082 0.0655362 0.0508583 0.0496386 0.0576213 0.045654 0.0452658 0.0381105 0.0372706 0.0365306 0.0352216 0.0342379 0.0307774 0.0299881 0.0296538
threshold=32.95000000000001 0.097056049395399344 0.014652777611843497 0.04590313634333465 0.072303072474394145 0.14231472743632587 48444.000000000007 20.850000000000005 56221.500000000007 55.650000000000013 6.5000000000000009 -1.0000000180025095e-35 0.055220179213445693 0.017717747015284609 72.500000000000014 47.185203696122535 17.750000000000004 0.0079047946495019381 0.028262207501310501 8.5000000000000018 11.500000000000002 0.060362171609643474 19.650000000000002 55.252139132912198 0.0058381967172305193 0.0035399184180680905 8.5000000000000018 51279.500000000007 -0.00020062473000498346 0.024240739337999754 0.11250000000000003 -8.6762389026773232e-05 39781.000000000007 17.500000000000004 0.049246864975411489 21734.000000000004 155.50000000000003 35.732785640120504 12402.500000000002 1215.5000000000002 3132.1235000000001 11.860000000000001 12.695000000000002 0.065617506684532714 40.95000000000001 41205.000000000007 0.036838211343819503 6.5000000000000009 1033.5000000000002 3951.8690000000001 202.95000000000002 6.5000000000000009 11.655000000000003 1237.5000000000002 48.421898501372588 12453.200000000003 1212.5000000000002 97266.500000000015 40.324834854891733 2660.7330000000006 79319.000000000015 4.5000000000000009
decision_type=2 2 2 2 2 2 2 2 2 2 2 2 2 2 2 2 2 2 2 2 2 2 2 2 2 2 2 2 2 2 2 2 2 2 2 2 2 2 2 2 2 2 2 2 2 2 2 2 2 2 2 2 2 2 2 2 2 2 2 2 2 2
left_child=1 4 3 9 7 10 22 14 20 17 15 41 39 -4 24 -3 18 30 36 43 38 25 23 -6 42 34 33 -23 52 -18 -2 -32 -27 -8 -9 -36 40 -22 -5 44 -11 -10 45 53 -13 -1 47 48 -33 -29 -34 -52 -20 -14 -40 -46 61 -41 -24 -60 -37 -30
right_child=2 5 13 8 6 -7 26 21 11 16 -12 12 19 -15 -16 -17 29 -19 28 -21 37 27 58 -25 -26 32 -28 49 56 -31 31 46 50 -35 35 60 -38 -39 54 57 -42 -43 -44 -45 55 -47 -48 -49 -50 -51 51 -53 -54 -55 -56 -57 -58 -59 59 -61 -62 -63
leaf_value=0.0017862172632009548 -0.002717956595194841 0.0070647009870849504 0.0012133961705253142 0.00056420439719105122 0.0045799585919560157 0.0092539409198010899 0.001048572035777592 -0.00088840756378156063 -0.0026939737908138039 -0.0037364081362793638 0.0031254822179679989 -0.00021178555167309591 6.7907754144731105e-05 0.003865960005764921 0.003293920705589844 0.0048190155698184002 -0.0024308287748915731 -0.00031612427401850264 -0.0037116307881660763 -0.0013396814929365064 0.0017974975932457502 0.0013424593366782743 0.0028815896935276502 0.0024741314712028555 0.0023262880519089807 0.0013471068193939572 7.6442180493142494e-06 -1.0224818152558249e-05 -0.0015879372659185086 -0.0010681251035043581 -0.0027195793615447765 -0.0015716173002147116 -0.00046877949218405621 0.002241860427665433 0.00054436370462484672 -0.0010293919366049524 -0.004346833494491875 0.0005617308902283474 -5.8581833569716277e-05 -0.0012916469959171439 -0.0026332114476661731 -0.0015614618960515037 0.00025926937326273351 0.00041615773224456561 -0.00054996580583176137 0.00079282271107480266 -0.0012032307703007967 -0.0010099831029207454 -0.0028007645045895653 0.000938882753349272 -0.00016584476776399139 0.00098168684970883547 -0.0027219727393766901 -0.0006427083593725702 -0.0010136049361102897 -0.0013773623060339482 -0.0024721240471387062 -0.0020051283365335715 0.0026124504051986152 0.0017363681588542013 -0.00021704349251799976 -0.0023404916130109793
leaf_weight=245 278 205 234 243 272 207 644 466 314 291 286 252 525 209 201 323 291 322 208 306 208 467 297 223 264 240 210 474 313 338 233 206 228 255 427 200 216 347 205 796 273 217 224 536 205 287 828 236 229 201 207 232 265 391 213 405 591 221 200 201 263 225
leaf_count=245 278 205 234 243 272 207 644 466 314 291 286 252 525 209 201 323 291 322 208 306 208 467 297 223 264 240 210 474 313 338 233 206 228 255 427 200 216 347 205 796 273 217 224 536 205 287 828 236 229 201 207 232 265 391 213 405 591 221 200 201 263 225
internal_value=-1.73468e-05 0.00168112 -0.00122604 -0.00137846 0.00108963 0.00569467 0.00207358 0.000599997 -0.000613765 -0.00214903 0.00478955 -0.00090751 -0.000714259 0.00246483 0.00163756 0.00569092 -0.00258767 -0.00158268 -0.00282245 -0.00022897 0.000393088 0.000227938 0.00295458 0.00363127 0.00131116 -1.53204e-05 0.00112584 0.00070998 -0.00248315 -0.00169857 -0.00178558 -0.00163592 0.000451869 0.00138705 -0.000327814 -3.42894e-05 -0.00351933 0.00102487 -0.000137376 -0.0011683 -0.00320241 -0.00223116 0.000956666 5.10547e-06 -0.000839843 0.00125031 -0.00146748 -0.00179357 -0.00221869 0.000272398 0.000129745 0.000440596 -0.00315717 -0.000235423 -0.000545232 -0.0010993 -0.00220076 -0.00144669 0.00247469 0.00217332 -0.00056795 -0.00190267
internal_weight=19119 7949 11170 10727 6928 1021 2302 4626 5384 5343 814 4168 3637 443 1221 528 3011 2332 2382 1758 1216 3405 1193 495 1020 2263 1109 1142 1602 629 2010 1732 907 899 1356 890 780 555 661 1879 564 531 756 1452 862 532 1499 671 435 675 667 439 473 916 418 610 1129 1017 698 401 463 538
internal_count=19119 7949 11170 10727 6928 1021 2302 4626 5384 5343 814 4168 3637 443 1221 528 3011 2332 2382 1758 1216 3405 1193 495 1020 2263 1109 1142 1602 629 2010 1732 907 899 1356 890 780 555 661 1879 564 531 756 1452 862 532 1499 671 435 675 667 439 473 916 418 610 1129 1017 698 401 463 538
is_linear=0
shrinkage=0.05


Tree=4
num_leaves=63
num_cat=0
split_feature=28 28 36 39 2 27 20 2 28 39 56 32 56 32 27 28 49 39 46 20 47 39 30 2 21 47 28 18 36 46 56 28 55 36 36 49 2 47 46 2 41 42 46 49 53 30 54 27 42 56 55 39 8 55 38 42 28 55 27 55 2 47
split_gain=17.2527 4.70673 3.30888 1.86964 1.06976 0.976957 0.884736 0.492879 0.44189 0.448319 0.413544 0.348435 0.306405 0.303757 0.276534 0.27592 0.269763 0.250403 0.24087 0.240254 0.234368 0.227814 0.196107 0.189655 0.167264 0.163779 0.185846 0.14763 0.130018 0.125801 0.124338 0.124134 0.131414 0.160543 0.111218 0.105175 0.104495 0.10059 0.0937317 0.083542 0.0773082 0.0711285 0.0677205 0.0668951 0.0602937 0.0593447 0.0592196 0.0575922 0.079984 0.0556048 0.0549756 0.0512016 0.0488646 0.0484115 0.0442571 0.0513897 0.0460128 0.0440357 0.0431678 0.0564134 0.047492 0.0423248
threshold=144350.00000000003 97450.000000000015 40.95000000000001 21.500000000000004 0.044658470762194417 31509.000000000004 897112.50000000012 0.088504165443777885 168050.00000000003 21.500000000000004 40.000000000000007 4930.286000000001 14.500000000000002 5522.5315000000001 48444.000000000007 265650.00000000006 0.10582877241276135 7.5000000000000009 76.137328280902253 1290250.0000000002 0.040365627634694409 8.5000000000000018 5007.0000000000009 0.044152131784616876 161.50000000000003 8.4082333095805772 413100.00000000006 -0.20499999999999982 23.350000000000005 51.634415608308707 15.500000000000002 107650.00000000001 23217.000000000004 16.750000000000004 62.750000000000007 0.040471413411974626 0.061008069626047587 49.744453593908325 64.08667403342281 0.054652508310575602 1.0000000180025095e-35 1.0000000180025095e-35 51.065787790039984 0.052526946082243772 15.500000000000002 6934.0000000000009 2.5000000000000004 54924.000000000007 2.5000000000000004 7.5000000000000009 12230.500000000002 6.5000000000000009 204.10000000000002 22029.500000000004 0.12350000000000003 1.0000000180025095e-35 312050.00000000006 58586.000000000007 80310.000000000015 23217.000000000004 0.05799812725458716 64.152174420711077
decision_type=2 2 2 2 2 2 2 2 2 2 2 2 2 2 2 2 2 2 2 2 2 2 2 2 2 2 2 2 2 2 2 2 2 2 2 2 2 2 2 2 2 2 2 2 2 2 2 2 2 2 2 2 2 2 2 2 2 2 2 2 2 2
left_child=1 5 8 4 10 -1 -5 17 28 18 11 19 16 15 42 24 -7 31 22 25 -13 34 27 -20 29 -4 54 -10 37 39 49 -3 33 -33 -12 -24 -34 -2 46 -6 -28 -17 -9 -32 -40 -43 -30 -37 58 -25 -22 -26 -31 -48 -27 -56 -57 -38 59 -49 -61 -59
right_child=2 7 3 6 13 12 -8 14 9 -11 21 20 -14 -15 -16 41 -18 -19 23 -21 50 -23 35 30 51 26 40 -29 38 52 43 32 36 -35 -36 47 57 -39 44 -41 -42 45 -44 -45 -46 -47 53 48 -50 -51 -52 -53 -54 -55 55 56 -58 61 -60 60 -62 -63
leaf_value=0.0082338806404929476 0.0021144032029098729 0.0027084298262404147 -0.0011609948880425933 -0.0011967960656485439 -0.00056783500585029967 0.0041796075583935069 0.0028318695457225356 0.0031054067399809461 0.0017644011495750772 0.0018201297788985637 -0.0018712848721018447 -2.7353869117753701e-05 0.0032174107127128796 0.00087837041743481627 0.0016957865524337705 -0.0011419941665216198 0.0066479531549733161 0.00030375849503842291 -0.002119665325469965 -0.0038775536075722678 -0.0023588426663590043 -0.00429960907603541 -0.0011673180216532687 -0.0007093936175068794 -0.0010711152505017939 -0.0023371342568085543 -0.0030657500198375716 5.7912472984527592e-05 0.0012898675314450441 -0.001224407740259505 -0.00066072501310370088 0.0032013006988289012 0.0002674649637803489 0.0016707287683204591 -0.0033713741428421243 0.00029645735888709476 0.00087592527142288205 0.00060380410885938081 -0.0004159479198749135 0.00060579145051989922 -0.0020764405321224465 -0.0013843308387815221 0.0042626027503995384 0.00040245717271971396 0.00050642266667255285 -0.0023950475929872361 0.00083359961414104756 0.00031757648981697195 -0.0010352079405548107 -0.0018311950492853714 -0.0012937789370650837 -0.0020711614826827178 -0.00042557738093510476 -0.00010898783848888421 -0.001294676674327751 -0.001547591408317633 -0.0024731668565904589 0.0022609812698310299 -0.00082291931882717178 -0.00082351077871002469 0.00014392630889442198 0.0012933370382682214
leaf_weight=295 225 288 392 224 289 204 348 259 209 242 267 327 214 203 273 281 242 351 276 206 213 306 326 217 268 387 707 322 323 481 323 212 244 893 230 454 208 216 410 319 274 209 247 273 312 476 326 552 330 225 281 245 318 234 427 258 280 216 207 296 222 237
leaf_count=295 225 288 392 224 289 204 348 259 209 242 267 327 214 203 273 281 242 351 276 206 213 306 326 217 268 387 707 322 323 481 323 212 244 893 230 454 208 216 410 319 274 209 247 273 312 476 326 552 330 225 281 245 318 234 427 258 280 216 207 296 222 237
internal_value=-1.64795e-05 0.00273756 -0.000835626 -0.00150307 -0.0017094 0.00584185 0.00125421 0.00187274 5.43461e-06 -0.000272926 -0.0021965 -0.0019761 0.00477268 -0.000991124 0.00297832 -0.00112262 0.00551893 0.00154761 -0.000392614 -0.00223111 -0.00106569 -0.00322631 -0.000139484 -0.00095474 -0.000775846 -0.00210664 -0.00226554 0.000729581 0.000614128 -0.000494052 -0.000644991 0.0017376 0.0015985 0.00196438 -0.00256549 -0.000332812 0.00115176 0.00137452 0.000405198 4.79328e-05 -0.00278943 -0.00181187 0.00367028 -0.00017373 -1.73612e-05 -0.00208667 0.000750711 -0.000200813 -0.000341299 -0.00128045 -0.00175301 -0.00154872 -0.000906475 0.000439733 -0.0018854 -0.00170424 -0.0020293 0.00147819 -0.000161981 -3.41171e-05 -0.000408895 0.00175473
internal_weight=19119 4383 14736 8216 7644 955 572 3428 6520 4474 4555 3752 660 3089 779 2886 446 2649 4232 2931 821 803 2918 1314 1920 2725 2333 531 2046 1407 1038 2298 2010 1105 497 2387 905 441 1605 608 981 966 506 596 722 685 883 2061 1607 442 494 513 799 560 1352 965 538 661 1277 1070 518 453
internal_count=19119 4383 14736 8216 7644 955 572 3428 6520 4474 4555 3752 660 3089 779 2886 446 2649 4232 2931 821 803 2918 1314 1920 2725 2333 531 2046 1407 1038 2298 2010 1105 497 2387 905 441 1605 608 981 966 506 596 722 685 883 2061 1607 442 494 513 799 560 1352 965 538 661 1277 1070 518 453
is_linear=0
shrinkage=0.05


Tree=5
num_leaves=63
num_cat=0
split_feature=28 28 36 50 2 36 48 2 28 50 27 28 50 57 2 49 39 50 2 62 55 46 29 48 36 49 28 21 48 28 48 55 55 36 48 21 43 36 50 26 26 29 47 39 2 55 35 47 2 44 27 57 34 60 50 39 55 57 46 24 55 42
split_gain=15.2655 4.57575 3.05585 2.56254 1.42031 0.93378 0.569419 0.486637 0.462164 0.562521 0.301942 0.296166 0.332918 0.291705 0.270008 0.248437 0.227749 0.224359 0.209919 0.218545 0.169269 0.156994 0.15398 0.175473 0.153973 0.139756 0.123347 0.122784 0.11621 0.113387 0.113009 0.107164 0.106496 0.107727 0.101969 0.0967715 0.104097 0.0878981 0.0838114 0.0802383 0.0801417 0.0745377 0.0739103 0.0751984 0.0631085 0.06148 0.0614214 0.0543275 0.0521728 0.0521117 0.0485282 0.0459517 0.0455924 0.0426724 0.0440967 0.0386565 0.0383305 0.035253 0.0341017 0.0320343 0.0315434 0.0304295
threshold=143400.00000000003 97450.000000000015 40.95000000000001 0.015315486298997911 0.14266063077991656 55.650000000000013 30.23989167230835 0.087662420234005126 170850.00000000003 0.012500073962266723 48444.000000000007 274100.00000000006 0.010968019919307246 3.2034482758620695 0.054061340772080115 0.027221919361386831 8.5000000000000018 0.0063574799820874019 0.023882636822320401 15.245000000000003 23698.000000000004 50.793007152155532 1219.5000000000002 65.778150384426866 19.350000000000005 0.027948517503609802 575600.00000000012 107.50000000000001 43.829519909766795 109300.00000000001 61.229606438960211 47517.000000000007 22029.500000000004 17.250000000000004 62.310283978695622 114.50000000000001 1.0000000180025095e-35 36.250000000000007 0.004744342452110333 39480.500000000007 42024.500000000007 1321.5000000000002 14.337972620481919 3.5000000000000004 0.057739192455923995 14735.000000000002 4458.2875000000004 27.573532423785107 0.068697264412046419 1.5000000000000002 84050.500000000015 3.2613636363636371 2486.2405000000003 0.4073749551162667 0.0019790458847375714 7.5000000000000009 18400.500000000004 3.2284482758620694 62.246752362127133 56.500000000000007 21409.000000000004 1.5000000000000002
decision_type=2 2 2 2 2 2 2 2 2 2 2 2 2 2 2 2 2 2 2 2 2 2 2 2 2 2 2 2 2 2 2 2 2 2 2 2 2 2 2 2 2 2 2 2 2 2 2 2 2 2 2 2 2 2 2 2 2 2 2 2 2 2
left_child=1 4 8 5 6 14 -1 16 24 15 28 49 18 -8 17 -10 29 25 35 38 22 40 23 37 -2 -4 -21 -22 -9 -3 46 51 33 -31 57 36 -13 42 41 47 -16 55 -17 -44 -33 -24 59 -27 50 -7 52 -29 -23 54 -32 -20 -49 -34 61 60 -26 -35
right_child=2 7 3 -5 -6 11 13 10 9 -11 -12 12 -14 -15 21 20 -18 -19 19 26 27 48 45 -25 30 39 -28 31 -30 32 53 44 34 58 -36 -37 -38 -39 -40 -41 -42 -43 43 -45 -46 -47 -48 56 -50 -51 -52 -53 -54 -55 -56 -57 -58 -59 -60 -61 -62 -63
leaf_value=0.006682963319483916 0.0019107994953925967 0.0024832804536923008 -0.0026874340796316774 0.0026971327896080522 0.0094445704873236322 -0.00034306041021400541 0.0025150322937879835 0.0028879132495630536 -0.0020964705165309942 0.0021455171628737726 0.0015834128697175453 -0.002072287716618128 -0.00039668216670946642 0.0049475130142793934 -0.00031147468581593785 0.0013146177182038886 -6.8813252422497218e-05 -0.00023601889912780715 -0.0018314300471537759 -0.00056272255340499857 0.00010883024879578421 -0.0013299306885528495 -0.0010087046438473125 -0.00085735184673560243 0.00071741654978158811 -0.00067504916641815751 -0.0021603116589209428 -0.0010781225944375126 0.0043727717339889158 0.002817756557203943 -0.00030118277043119794 -0.00094691670639936935 0.00099572456665729609 0.0013733558604028077 0.00033987416939023062 -0.0040061201022376005 -0.0036035774602191299 -0.00035667313031633282 -0.0034354807979853556 -0.0017218109377952553 0.0010080123930689012 -0.00269392397057195 0.00087314081464413644 -0.00033979370241403478 2.9023988202987928e-05 -0.0001016876189484997 0.0014555180659850684 -0.0019298224247441713 -0.0001969298592519495 -0.0014557818629072814 -0.0017122792352641685 -0.0021059200091825781 -0.00027752753676910325 -0.00054201492964913941 0.00058252111367855888 -0.0026081590819124691 -0.001153788414909049 0.0017639696305680403 0.0010832114301177606 0.00094408023533514268 9.6811664059928538e-05 0.0021388940141467308
leaf_weight=245 202 299 230 367 202 207 246 305 208 227 317 242 211 247 264 369 232 399 637 268 339 200 424 274 411 438 220 217 232 205 231 466 261 250 326 248 205 214 201 1019 204 824 324 211 257 334 246 220 210 214 217 218 212 248 363 214 575 349 276 423 408 270
leaf_count=245 202 299 230 367 202 207 246 305 208 227 317 242 211 247 264 369 232 399 637 268 339 200 424 274 411 438 220 217 232 205 231 466 261 250 326 248 205 214 201 1019 204 824 324 211 257 334 246 220 210 214 217 218 212 248 363 214 575 349 276 423 408 270
internal_value=1.18652e-05 0.00264979 -0.000744718 -0.00138687 0.00572964 -0.0015771 0.00471282 0.00177831 5.58838e-05 -0.000273295 0.00280707 -0.00215691 -0.00231762 0.00373374 -0.00106609 -0.000415725 0.00142232 -0.0013365 -0.00245012 -0.00222554 -0.000319867 -0.000470036 -3.56287e-05 0.000276618 0.000586574 -0.00151341 -0.00128295 -0.000728092 0.00352942 0.00157704 0.00047177 -0.000973098 0.00143715 0.00179565 0.00105375 -0.00321402 -0.00277456 0.000554532 -0.00247073 -0.00139351 0.000263686 -0.00235496 0.000770238 0.000394769 -0.000600006 -0.000609043 0.00073371 -0.00112219 -0.000879311 -0.000908672 -0.00110713 -0.0015932 -0.000788403 8.86252e-06 0.000238858 -0.00202675 -0.00136854 0.00143526 0.00153242 0.000590743 0.000408251 0.00177085
internal_weight=19122 4262 14860 8246 940 7879 738 3322 6614 4082 854 3691 3270 493 4188 3855 2468 2881 3059 2364 3647 1307 2150 1392 2532 2482 488 1497 537 2236 2330 1158 1937 1001 936 695 447 1118 1876 2252 468 1675 904 535 723 758 1488 1233 839 421 629 435 412 842 594 851 795 610 796 1242 819 520
internal_count=19122 4262 14860 8246 940 7879 738 3322 6614 4082 854 3691 3270 493 4188 3855 2468 2881 3059 2364 3647 1307 2150 1392 2532 2482 488 1497 537 2236 2330 1158 1937 1001 936 695 447 1118 1876 2252 468 1675 904 535 723 758 1488 1233 839 421 629 435 412 842 594 851 795 610 796 1242 819 520
is_linear=0
shrinkage=0.05


Tree=6
num_leaves=63
num_cat=0
split_feature=28 28 36 50 2 36 48 2 50 28 39 28 50 56 49 50 49 49 47 20 47 28 27 37 29 44 24 56 48 51 58 48 2 56 51 51 2 48 56 44 27 2 2 28 48 21 2 27 38 35 27 44 1 27 36 55 47 36 62 28 4 2
split_gain=13.7897 4.54181 2.36531 2.318 1.28183 0.830452 0.513901 0.509685 0.417384 0.400766 0.301271 0.26729 0.300458 0.274242 0.241353 0.262475 0.240556 0.215909 0.195905 0.182796 0.328202 0.161119 0.15815 0.150108 0.143555 0.137122 0.270487 0.193963 0.12546 0.12373 0.117469 0.112758 0.112379 0.108602 0.102749 0.10052 0.0918067 0.0917597 0.0862789 0.0720305 0.0688238 0.0687451 0.0634469 0.061298 0.0599611 0.0569057 0.0615937 0.0510301 0.0498464 0.0592564 0.0471988 0.0470308 0.0459859 0.0450047 0.0430676 0.0427163 0.040664 0.0371483 0.0347036 0.034474 0.0321583 0.030019
threshold=149250.00000000003 97450.000000000015 40.95000000000001 0.015315486298997911 0.14266063077991656 55.650000000000013 30.23989167230835 0.09133712917661882 0.012500073962266723 173150.00000000003 8.5000000000000018 274100.00000000006 0.010968019919307246 40.000000000000007 0.047064567555663676 0.0084995033137456478 0.087493168176235717 0.027221919361386831 27.573532423785107 1324750.0000000002 1.0116921104623542 122250.00000000001 48444.000000000007 30.478821538857026 865.50000000000011 1.0000000180025095e-35 67.500000000000014 21.500000000000004 61.229606438960211 -0.00011818813013220185 0.44722222222222224 26.303320876059637 0.049122397198750244 14.500000000000002 -0.00055195445250133524 -0.00011818813013220185 0.070460415304173532 53.474662914614214 7.5000000000000009 1.0000000180025095e-35 44952.000000000007 0.03124528781954913 0.065137829149068432 107650.00000000001 66.109177734861404 186.50000000000003 0.065697253808043365 61820.500000000007 0.11850000000000004 2069.4555000000005 85274.000000000015 1.5000000000000002 991.01426273394156 61201.500000000007 33.550000000000004 28499.000000000004 46.734248690255733 77.15000000000002 11.885000000000003 248000.00000000003 0.33000000000000007 0.035269008998396086
decision_type=2 2 2 2 2 2 2 2 2 2 2 2 2 2 2 2 2 2 2 2 2 2 2 2 2 2 2 2 2 2 2 2 2 2 2 2 2 2 2 2 2 2 2 2 2 2 2 2 2 2 2 2 2 2 2 2 2 2 2 2 2 2
left_child=1 4 8 5 6 14 -1 10 9 37 21 51 13 19 15 29 -8 -11 30 20 -13 36 24 -19 -9 26 27 -25 38 -4 -16 -27 54 -30 58 -20 -3 39 52 -2 -40 -15 50 -38 47 46 -39 -34 -31 -50 59 -7 -23 -48 -33 -41 -45 -36 -22 -37 -51 -62
right_child=2 7 3 -5 -6 11 16 22 -10 17 -12 12 -14 41 18 -17 -18 23 35 -21 34 28 -24 25 -26 31 -28 -29 33 48 -32 32 44 -35 57 42 43 45 40 55 -42 -43 -44 56 -46 -47 53 -49 49 60 -52 -53 -54 -55 -56 -57 -58 -59 -60 -61 61 -63
leaf_value=0.0063488151038799678 0.0016154869448099967 0.001362113711012507 -0.0026275078241201639 0.0025622761776738895 0.0089723419236701612 -0.00032590738607200472 0.0022269549930677593 0.002531411218607105 0.0020493700413412742 -0.0019916469889284809 -0.00013276216452062347 -0.00064618535737072727 -0.00037684804904300853 -0.0039785759919677144 0.00098095899766952109 9.6510915194315957e-05 0.0044711210689073874 0.00059355411376787917 -0.0019539936086476312 -0.0034508251106756534 -0.0033168680183436787 0.00031997401507973032 0.0017045270403911014 0.0006816345552647441 0.0043422270042356107 -0.0015180000349372712 0.0015980205785428329 -0.00087125308036363621 -0.0001608979212326607 -0.0020764836108861703 -0.000477726511335474 -0.00067203556968488398 0.00037331175082758585 0.0012836493194920459 -0.001957008079493703 -0.00046229318892208415 0.0030526326578932212 -6.1347973388936329e-05 0.0022500200875237449 0.00089550994304149392 0.0013665577002191739 -0.002752086742536746 4.7020333214378399e-06 0.0025376187519693637 -0.0008777200041101672 -0.00063305494576543068 0.0012198860433433757 -0.00043056365190893869 -0.00067595829731660411 -0.0010901120732432902 -0.0013840982299831491 -0.0013829927603280774 0.0013507715237827244 0.00019811669457322372 -0.0016239160306795088 0.00017215432789227867 0.0015824171758664308 -0.0026791255478069045 -0.0024434325350295456 -0.0011360910663423182 -0.0021445935008576121 -0.0014301416903215486
leaf_weight=245 203 387 268 367 202 207 203 231 234 208 324 379 211 263 241 249 290 388 211 237 244 202 204 293 208 353 211 641 269 266 323 229 403 252 1315 514 204 562 373 445 539 202 216 201 275 204 226 387 275 300 383 214 233 206 247 377 250 206 213 301 249 359
leaf_count=245 203 387 268 367 202 207 203 231 234 208 324 379 211 263 241 249 290 388 211 237 244 202 204 293 208 353 211 641 269 266 323 229 403 252 1315 514 204 562 373 445 539 202 216 201 275 204 226 387 275 300 383 214 233 206 247 377 250 206 213 301 249 359
internal_value=1.12719e-05 0.00232513 -0.000767886 -0.00132162 0.00544316 -0.00150329 0.00447718 0.00156915 -2.13663e-05 -0.000104083 0.00131352 -0.00204907 -0.00220174 -0.00232761 -0.00101846 -0.00142057 0.00354705 -0.000427496 -0.000657315 -0.00212717 -0.00199408 0.00147455 0.00285484 -0.000332561 0.00338938 -0.000450802 -1.88401e-05 -0.000384105 0.00119668 -0.00164057 0.000145577 -0.00071194 -0.000527294 0.000537808 -0.00225234 -0.000935981 0.00197269 0.000424756 0.00145152 0.000772047 0.00172789 -0.00344578 -0.000784071 0.00233344 -0.000241837 0.000127617 0.000283731 -2.04854e-05 -0.00145803 -0.00131897 -0.000926287 -0.000863238 0.000872102 0.000732653 -0.00116597 0.000563752 0.00200813 -0.00205481 -0.00290977 -0.000711144 -0.00151372 -0.00172274
internal_weight=19122 4817 14305 8213 940 7846 738 3877 6092 5858 3234 3691 3270 3059 4155 1966 493 3635 2189 2594 2357 2910 643 3427 439 3039 1145 934 1868 1717 564 1894 1541 521 1978 1625 1042 2223 1347 1025 912 465 1414 655 1065 1198 994 790 1449 1183 1198 421 435 432 476 822 451 1521 457 815 908 608
internal_count=19122 4817 14305 8213 940 7846 738 3877 6092 5858 3234 3691 3270 3059 4155 1966 493 3635 2189 2594 2357 2910 643 3427 439 3039 1145 934 1868 1717 564 1894 1541 521 1978 1625 1042 2223 1347 1025 912 465 1414 655 1065 1198 994 790 1449 1183 1198 421 435 432 476 822 451 1521 457 815 908 608
is_linear=0
shrinkage=0.05


Tree=7
num_leaves=63
num_cat=0
split_feature=28 28 36 50 2 2 48 2 50 28 50 2 47 57 27 49 28 56 24 47 55 56 48 29 28 36 48 57 56 56 57 47 1 1 48 57 5 57 32 55 35 36 36 47 42 5 48 50 34 56 34 56 31 52 42 44 57 42 44 35 25 55
split_gain=12.4456 3.72395 2.48889 2.08755 1.15685 0.766298 0.463795 0.40046 0.394709 0.381184 0.443813 0.331875 0.285971 0.260016 0.247484 0.21248 0.152196 0.1509 0.172068 0.15858 0.147642 0.133562 0.130842 0.168683 0.124132 0.120805 0.117753 0.1164 0.116351 0.116258 0.115912 0.109939 0.114739 0.0989818 0.0966621 0.0847307 0.0823525 0.0801058 0.0740704 0.0705586 0.0677597 0.0666161 0.0634298 0.0693566 0.059057 0.0577484 0.0570627 0.0623567 0.0566106 0.0560039 0.0553072 0.0529964 0.0415738 0.0369739 0.0359381 0.0341111 0.0339038 0.0334819 0.0330105 0.0309132 0.0305528 0.0272435
threshold=143400.00000000003 97450.000000000015 40.95000000000001 0.015315486298997911 0.14266063077991656 0.04675429977249685 30.23989167230835 0.087662420234005126 0.010968019919307246 168050.00000000003 0.012500073962266723 0.028217856105960722 26.808244105040664 3.2034482758620695 48444.000000000007 0.027221919361386831 286650.00000000006 40.000000000000007 58.500000000000007 8.8432845589374001 23698.000000000004 12.500000000000002 64.882373284720117 1223.5000000000002 109300.00000000001 56.550000000000004 62.310283978695622 3.2613636363636371 40.000000000000007 11.500000000000002 3.6811594202898554 18.166125705268069 918.80988983002646 1900.5656134821359 61.229606438960211 3.7007672634271107 12882.200000000003 2.6190476190476195 5309.9830000000011 14735.000000000002 3764.8745000000004 21.450000000000003 36.850000000000001 14.337972620481919 1.0000000180025095e-35 12772.600000000002 54.601703252185914 0.0021912830657348698 2486.2405000000003 17.500000000000004 2047.6575000000005 8.5000000000000018 16626.500000000004 9.5000000000000018 1.0000000180025095e-35 1.0000000180025095e-35 3.1882352941176477 1.0000000180025095e-35 2.5000000000000004 4411.3435000000018 172.50000000000003 101285.00000000001
decision_type=2 2 2 2 2 2 2 2 2 2 2 2 2 2 2 2 2 2 2 2 2 2 2 2 2 2 2 2 2 2 2 2 2 2 2 2 2 2 2 2 2 2 2 2 2 2 2 2 2 2 2 2 2 2 2 2 2 2 2 2 2 2
left_child=1 4 9 5 6 8 -1 24 11 31 15 17 30 -8 29 -11 35 18 19 -4 22 52 23 42 -3 33 37 36 38 -9 48 -2 -33 50 49 46 -23 -26 44 -25 -39 -28 43 -17 -27 -37 -14 -48 -7 59 60 -46 -22 -21 56 -45 -52 -24 -36 -34 -13 -38
right_child=2 7 3 -5 -6 12 13 14 -10 10 -12 25 16 -15 -16 20 -18 -19 -20 53 21 27 57 39 26 28 41 -29 -30 -31 -32 32 34 -35 58 45 61 40 -40 -41 -42 -43 -44 55 51 -47 47 -49 -50 -51 54 -53 -54 -55 -56 -57 -58 -59 -60 -61 -62 -63
leaf_value=0.006031374367980325 0.001612896067946035 0.0022313040520776091 -0.0011381484660682401 0.0024341623367816565 0.008523724708558604 0.00010513802916940465 0.0022190919785516155 0.0023993998105241543 -0.00021725681369215191 -0.0018920646353763006 0.0019357727954073375 -0.0014124986576879509 -0.00066634643430037589 0.0045156497658637587 0.0014317789361608128 0.0012290254508285697 -0.0019441414989488934 -0.0036868081667648304 -0.0035017704524216244 -0.0019948485415505206 0.00028712257710487572 -0.0012754871851718759 -0.00035711242798195026 -0.00087717640597214123 0.0006717010610126225 -0.0013668686033369683 0.00097122286602412025 -0.0018161352569556388 -0.0028824672793680874 0.0038750839086429132 -0.00068982564974007232 -0.00055546581393909158 0.00055388544780286407 -0.0003208298325906908 0.00037680047424099684 0.00034917718532561401 0.00022330556770612021 0.0013737722649959229 -0.00088401295776044581 0.00015932837166671423 0.002264113537967205 -6.9558628220498368e-05 -0.00022164926401718719 0.00074042696215216109 -0.002473526970782089 -0.00072034021953452845 -0.00086622292695409837 -0.0018722406990837378 0.0012631611511096708 0.0016172633227674767 -0.001893510685807346 -0.0017266221189106978 -0.00055696329328785109 -0.0028352595913381864 -0.0019883882655161267 -7.4696708761621277e-06 -0.0010762720927459668 -0.0012321661573964993 -0.00039255663668127916 0.0012488036083875787 -0.00054813514912839848 -0.00056540388323520212
leaf_weight=245 234 303 337 367 202 221 246 248 376 208 227 207 471 247 317 386 376 243 240 212 382 297 228 399 303 384 431 289 267 289 256 241 694 213 390 204 205 913 212 279 279 239 227 310 477 331 292 326 202 212 207 473 236 342 480 300 328 210 217 208 202 235
leaf_count=245 234 303 337 367 202 221 246 248 376 208 227 207 471 247 317 386 376 243 240 212 382 297 228 399 303 384 431 289 267 289 256 241 694 213 390 204 205 913 212 279 279 239 227 310 477 331 292 326 202 212 207 473 236 342 480 300 328 210 217 208 202 235
internal_value=1.07083e-05 0.00239256 -0.000672431 -0.00125196 0.005171 -0.00142366 0.00425332 0.00160637 -0.00177759 5.00941e-05 -0.00021752 -0.0018992 -0.000736669 0.0033697 0.00253961 -0.00033415 -0.00103767 -0.00255636 -0.00231348 -0.0019934 -0.000252793 -0.000615899 2.42138e-06 0.000181925 0.00128344 -0.00163748 0.00115078 -0.000965668 -0.00191863 0.00319358 0.000149924 0.000588491 0.000466314 -0.00132611 0.000609399 -0.000827794 -0.000632174 0.00139764 -0.00175217 -0.00045065 0.00158217 0.000599959 0.000532609 0.000704513 -0.00189014 -0.000312524 -0.00108093 -0.00139691 0.000658142 0.000886003 -0.00147648 -0.00210165 -3.52144e-05 -0.00251366 -0.00167429 0.000372609 -0.00139247 -0.000776659 0.000101758 0.000714133 -0.0009856 -0.000197937
internal_weight=19122 4262 14860 8246 940 7879 738 3322 5200 6614 4418 4824 2679 493 854 4191 2000 1374 1131 891 3983 1644 2339 1901 2468 3450 2165 1026 1813 537 679 2196 1962 1637 1721 1624 737 1495 1546 678 1192 670 1223 996 1334 535 1089 618 423 1114 1424 950 618 554 1015 610 535 438 607 902 409 440
internal_count=19122 4262 14860 8246 940 7879 738 3322 5200 6614 4418 4824 2679 493 854 4191 2000 1374 1131 891 3983 1644 2339 1901 2468 3450 2165 1026 1813 537 679 2196 1962 1637 1721 1624 737 1495 1546 678 1192 670 1223 996 1334 535 1089 618 423 1114 1424 950 618 554 1015 610 535 438 607 902 409 440
is_linear=0
shrinkage=0.05


Tree=8
num_leaves=63
num_cat=0
split_feature=0 36 49 40 2 36 25 27 2 51 39 51 26 35 2 49 37 33 44 55 39 48 37 46 47 49 49 49 2 44 44 57 57 0 54 20 49 44 48 36 1 49 27 39 21 36 29 57 27 29 53 27 37 48 48 5 27 2 27 53 27 55
split_gain=10.1696 4.07845 1.90879 1.49949 0.943538 0.739672 0.691484 0.653106 0.421809 0.340328 0.336828 0.302592 0.298402 0.282827 0.259691 0.255817 0.207141 0.205992 0.200414 0.159454 0.222699 0.15379 0.13974 0.127515 0.129378 0.121867 0.120236 0.113443 0.106719 0.0996249 0.116777 0.0929368 0.149431 0.0883853 0.0798157 0.0778771 0.0758537 0.0702189 0.0977141 0.0693477 0.0708868 0.0663187 0.0658689 0.0653732 0.064465 0.0603583 0.0602484 0.0558532 0.0525292 0.0486058 0.059945 0.0445507 0.0423167 0.0437173 0.0400724 0.0343197 0.0311911 0.0268682 0.0250915 0.0218649 0.0213984 0.0205987
threshold=144016.67525470123 38.850000000000001 0.14231472743632587 19.500000000000004 0.046941572508070774 23.350000000000005 646.50000000000011 37801.500000000007 0.06047039557845383 -1.0000000180025095e-35 21.500000000000004 -0.00011818813013220185 39480.500000000007 1605.8655000000001 0.097285359883803948 0.033267863575495653 43.077667576189533 5489.880000000001 1.0000000180025095e-35 21852.500000000004 3.5000000000000004 60.840912395053245 18.427632341668286 65.023874286949152 17.566976472836537 0.072634336755214232 0.036581682217678393 0.023592513106796373 0.054061340772080115 1.0000000180025095e-35 1.5000000000000002 3.7386363636363638 3.1168831168831175 739521.67035770474 1.5000000000000002 319324.50000000006 0.070032556103287139 1.0000000180025095e-35 39.274290763484622 74.050000000000011 1807.2996106267249 0.055416229622969569 47474.000000000007 8.5000000000000018 124.50000000000001 33.250000000000007 1183.5000000000002 3.6811594202898554 52740.000000000007 1212.5000000000002 11.500000000000002 52515.000000000007 58.712945796708702 40.324834854891733 39.625755404148933 12827.250000000002 66273.000000000015 0.056962964866990713 96725.500000000015 54.500000000000007 64979.000000000007 28499.000000000004
decision_type=2 2 2 2 2 2 2 2 2 2 2 2 2 2 2 2 2 2 2 2 2 2 2 2 2 2 2 2 2 2 2 2 2 2 2 2 2 2 2 2 2 2 2 2 2 2 2 2 2 2 2 2 2 2 2 2 2 2 2 2 2 2
left_child=2 5 7 4 11 17 -5 12 10 57 15 18 13 -1 31 -7 -11 19 -3 20 35 25 -13 24 -17 45 29 -20 58 34 33 32 -9 -31 -24 -2 55 54 -39 40 -32 49 -22 46 60 48 -30 59 -10 50 -25 -27 53 -28 -26 -21 -53 -6 -18 -29 -23 -50
right_child=1 3 -4 6 9 8 -8 14 21 16 -12 22 -14 -15 -16 23 28 -19 27 36 42 44 26 41 37 51 52 47 43 30 39 -33 -34 -35 -36 -37 -38 38 -40 -41 -42 -43 -44 -45 -46 -47 -48 -49 61 -51 -52 56 -54 -55 -56 -57 -58 -59 -60 -61 -62 -63
leaf_value=0.0034984449575606751 0.0032594437209836273 -0.0011898831277897268 0.0077036945484852534 -3.8289067999292197e-05 -0.0022177054450672586 -0.0019675946775167502 0.0035963004855619619 0.0010549531276523008 0.0013047249003534491 0.00069287742403347245 0.001649829001030841 -0.0002352866859347649 0.0027826934714954427 0.0061099389109415111 0.0031472879716451874 0.0010219102486448421 -0.00083310622666267877 -0.00013562338913436595 -0.0037689555870758285 -6.1985717978038515e-06 0.0016263564127537826 0.00068758479124103947 -0.00066973494025031951 -0.0010690840101278433 0.00078428837622435393 0.0018321733302958259 -0.00050782200814656329 -0.001867212975462558 0.00026728755218517514 -0.0020236269842860985 -0.0018759697763369937 0.00067447733036847578 0.0027062821293702488 -0.0034709910840387938 -0.0017486902609867927 0.0019945027379066936 0.0013949483055602503 -0.0012568822466107786 -7.7043366270318722e-06 -0.0025398706318810584 -0.00084134277037728716 2.9149948164923794e-05 0.00059441921940798733 -0.00099077293048963392 -0.00067214445232958444 4.5179015758601417e-05 -0.00050268740533530398 -0.0030012089401781042 0.00076235676124493271 -0.0013912200316866881 -0.00016040958446216337 0.00063351157902256949 -0.0014847211660407103 -0.0012801236497261231 -9.1533925351090274e-05 0.0007810795889837414 0.0014613269551365558 -0.0014454733406153804 -0.0014444929264579823 -0.002525698957099351 -2.7149146703329318e-05 6.7856690940757024e-05
leaf_weight=202 202 278 221 332 250 243 216 275 288 379 212 208 307 213 362 274 729 277 201 214 295 206 275 363 204 269 305 311 541 208 494 227 273 214 455 306 393 273 367 220 249 289 325 254 265 453 479 288 224 279 363 243 849 459 363 392 214 205 218 212 213 204
leaf_count=202 202 278 221 332 250 243 216 275 288 379 212 208 307 213 362 274 729 277 201 214 295 206 275 363 204 269 305 311 541 208 494 227 273 214 455 306 393 273 367 220 249 289 325 254 265 453 479 288 224 279 363 243 849 459 363 392 214 205 218 212 213 204
internal_value=1.01729e-05 -0.000392661 0.0033107 -0.00113868 -0.00130631 0.000409316 0.00139432 0.00278846 0.000104066 -0.000608256 -0.00027665 -0.00171437 0.00396453 0.0048388 0.00204165 -0.000411976 -0.00038749 0.00114692 -0.00237895 0.00131394 0.00172135 0.000580884 -0.00149656 -0.000275754 4.10635e-05 0.000812855 -0.00156693 -0.00270559 -0.000571848 -0.00181491 -0.00206404 0.0015252 0.0018776 -0.0027576 -0.00134223 0.00249749 0.000853925 -0.000181598 -0.000540557 -0.00176012 -0.00152924 -0.000638356 0.00108542 -0.000273031 -6.17816e-05 0.000496867 -9.42987e-05 -0.00244205 0.000782642 -0.000830305 -0.000614747 0.00132166 -0.00124178 -0.00097181 0.000223577 0.000503064 0.00102115 -0.00186978 -0.000973848 -0.00213413 0.000324247 0.000431333
internal_weight=19122 17042 2080 8829 8281 8213 548 1859 5809 3055 3230 5226 722 415 1137 3018 2600 2404 1290 2127 1128 2579 3936 2775 1481 1895 3728 1012 2221 2115 1385 775 548 422 730 508 999 1207 640 963 743 1294 620 1274 684 1169 1020 811 716 1005 726 726 1613 764 567 606 457 455 947 523 419 428
internal_count=19122 17042 2080 8829 8281 8213 548 1859 5809 3055 3230 5226 722 415 1137 3018 2600 2404 1290 2127 1128 2579 3936 2775 1481 1895 3728 1012 2221 2115 1385 775 548 422 730 508 999 1207 640 963 743 1294 620 1274 684 1169 1020 811 716 1005 726 726 1613 764 567 606 457 455 947 523 419 428
is_linear=0
shrinkage=0.05


Tree=9
num_leaves=63
num_cat=0
split_feature=2 49 36 50 27 36 33 36 50 56 24 50 39 49 27 49 20 47 50 48 29 29 39 48 56 31 27 39 56 32 46 27 34 50 53 42 58 58 48 36 49 8 49 2 19 56 44 44 44 31 44 31 57 48 27 0 27 42 57 48 5 55
split_gain=9.18722 2.74136 2.64948 1.71441 0.841296 0.691841 0.641838 0.478392 0.291122 0.284517 0.257237 0.248803 0.228186 0.376034 0.228288 0.224783 0.197207 0.234457 0.196461 0.158629 0.151573 0.13504 0.127865 0.125958 0.116177 0.110365 0.151592 0.109771 0.140881 0.108146 0.107332 0.0872468 0.0860178 0.0723094 0.0687108 0.0669221 0.0618122 0.0579274 0.0556751 0.0552418 0.055024 0.0543493 0.0538977 0.0507314 0.0835152 0.0505257 0.0849363 0.0699521 0.0508931 0.0468912 0.0449109 0.041834 0.0390285 0.0451906 0.0387071 0.0382213 0.0372969 0.0369367 0.0324453 0.0293456 0.0290868 0.0279836
threshold=0.07419008011612116 0.10881974548132356 38.850000000000001 0.016072960655765061 48444.000000000007 55.650000000000013 2123.4560000000006 23.350000000000005 0.011239744454495177 40.000000000000007 56.500000000000007 0.0074343002538106067 21.500000000000004 0.044761517797254534 58384.500000000007 0.047261238282627099 1324750.0000000002 4.3710007468164438 0.0084995033137456478 48.632806355041431 1136.5000000000002 1212.5000000000002 8.5000000000000018 64.304109763805869 17.500000000000004 23718.500000000004 40738.000000000007 7.5000000000000009 19.000000000000004 4020.9255000000007 68.269239607223355 80702.500000000015 2202.3620000000005 0.0034047682313078178 7.5000000000000009 3.5000000000000004 0.44722222222222224 0.61250000000000016 40.324834854891733 17.850000000000005 0.032485146259162802 197.50000000000003 0.084753315068205312 0.05896397563583123 47.500000000000007 14.500000000000002 1.0000000180025095e-35 1.5000000000000002 1.0000000180025095e-35 16336.000000000002 1.0000000180025095e-35 14646.500000000002 3.3030303030303036 39.78258077583488 51768.000000000007 184226.44570872458 87531.500000000015 1.0000000180025095e-35 3.5857142857142863 40.324834854891733 13221.800000000001 21259.000000000004
decision_type=2 2 2 2 2 2 2 2 2 2 2 2 2 2 2 2 2 2 2 2 2 2 2 2 2 2 2 2 2 2 2 2 2 2 2 2 2 2 2 2 2 2 2 2 2 2 2 2 2 2 2 2 2 2 2 2 2 2 2 2 2 2
left_child=2 4 7 5 11 15 -3 10 9 16 25 32 13 30 23 18 17 31 45 -8 29 40 -11 33 -12 26 -1 28 42 49 60 -7 34 52 -2 43 55 56 -35 -34 -19 -23 -6 44 -16 47 -47 48 -4 54 -46 -48 53 -15 -17 -28 -22 -43 -45 -49 -9 -29
right_child=1 6 3 -5 27 8 19 12 -10 22 24 -13 -14 14 35 20 -18 21 -20 -21 37 41 -24 -25 -26 -27 36 61 -30 -31 -32 -33 39 38 -36 -37 -38 -39 -40 -41 -42 57 -44 58 50 46 51 59 -50 -51 -52 -53 -54 -55 -56 -57 -58 -59 -60 -61 -62 -63
leaf_value=0.0015969868504929251 0.00099099872947921216 0.0069916400777107332 -0.0010557103893760042 0.0024973748600652769 0.0004466610019835753 -0.0011970277542658174 0.0029386226351345128 -0.0002068375605692078 -3.1429130914852879e-05 -0.0022576229334975192 0.0010286673565919116 0.0040590666297001974 0.0015673375262712449 -0.00041151929886837032 0.00032639572692717616 -0.00058576948291902311 -0.0030578995574981824 -0.0017918915207261511 5.0033685283945631e-05 0.0048834558027368025 -0.00080483651279839247 -0.002804804735074419 -0.0038536396175424567 -0.00027599873270614089 0.0026143088777011315 -0.00042189745267760489 0.0012365453829934268 -0.00017716727140655816 0.0021984095077419506 0.00084053371406508427 -0.0018400189004557283 8.1921073465046672e-05 0.002991751621026017 0.001627888355020072 0.0022060124983695624 -0.0010444302745535134 -0.00021219238705370651 -0.00018515550720274085 0.0005991315005948925 0.0021578100356933723 -0.00097284926599624979 -0.0014393458222636555 0.0013893502923573737 -0.00011239695030201228 -0.00031286035209944073 -0.0010920707568049292 -0.0015411777424423035 -0.00038486141532784505 -0.0020771453985364945 -0.00096191826333330869 -0.0011110248383541237 -0.0024710679871334882 0.00070544802976706925 0.00056629752793680853 0.00026521150077332033 0.00029975799054530067 -0.0014249879170988452 -0.0021163158670363821 0.00055307145036401467 -0.0011307159307406779 -0.0010430588212047333 0.00055777521372127401
leaf_weight=367 220 272 239 318 498 297 218 210 231 287 206 203 212 230 265 231 238 339 273 202 779 227 223 456 263 237 200 280 213 260 319 242 324 280 247 258 292 272 248 513 519 264 218 574 350 372 205 272 249 217 355 295 569 243 317 239 352 851 269 256 206 241
leaf_count=367 220 272 239 318 498 297 218 210 231 287 206 203 212 230 265 231 238 339 273 202 779 227 223 456 263 237 200 280 213 260 319 242 324 280 247 258 292 272 248 513 519 264 218 574 350 372 205 272 249 217 355 295 569 243 317 239 352 851 269 256 206 241
internal_value=9.66427e-06 0.00226648 -0.00052256 -0.00110556 0.00160351 -0.00124348 0.00509943 0.000211718 -0.00175042 -0.00186429 0.000910512 0.00243078 -3.82079e-05 -0.00010865 7.81733e-05 -0.000832759 -0.00167736 -0.0015574 -0.00120369 0.00387399 -0.000502621 -0.00178637 -0.00295549 0.000455528 0.00191784 0.000556626 0.000767837 0.00074372 0.00106951 -4.04275e-05 -0.00115003 -0.000622806 0.00217729 0.000667996 0.00163363 -0.000290982 0.000351561 -0.000840289 0.00114468 0.00248063 -0.00129646 -0.0020996 0.000733681 -0.000183762 -0.00043033 -0.00138497 -0.00166417 -0.00114534 -0.00157689 -0.000339839 -0.000714773 -0.00208981 0.00042645 9.08263e-05 -9.35049e-05 0.00072654 -0.000997846 -0.00195603 9.9953e-05 -0.000746488 -0.000620928 0.000162797
internal_weight=19122 3649 15473 8625 2957 8307 692 6848 3718 3487 1804 1507 5044 4832 4097 4589 2977 2739 2161 420 2428 2200 510 2026 469 1335 1098 1450 929 1025 735 539 1304 1570 467 2071 731 1403 528 837 858 1342 716 1813 970 1888 872 1016 488 765 705 500 1042 473 548 439 1131 1115 843 528 416 521
internal_count=19122 3649 15473 8625 2957 8307 692 6848 3718 3487 1804 1507 5044 4832 4097 4589 2977 2739 2161 420 2428 2200 510 2026 469 1335 1098 1450 929 1025 735 539 1304 1570 467 2071 731 1403 528 837 858 1342 716 1813 970 1888 872 1016 488 765 705 500 1042 473 548 439 1131 1115 843 528 416 521
is_linear=0
shrinkage=0.05


Tree=10
num_leaves=63
num_cat=0
split_feature=28 36 28 40 49 2 25 28 48 25 62 47 39 0 2 47 36 49 30 44 49 58 39 40 58 39 48 39 24 2 2 55 39 48 36 5 32 46 37 49 55 55 57 28 54 2 2 49 1 42 37 36 37 2 25 46 57 44 8 26 55 46
split_gain=9.52684 2.32249 2.0607 1.1753 0.663065 0.649216 0.574382 0.449284 0.319792 0.267133 0.437337 0.267145 0.263147 0.210771 0.206047 0.19707 0.17996 0.175419 0.179744 0.15192 0.148101 0.138899 0.131303 0.127762 0.117619 0.115413 0.110698 0.107339 0.172659 0.110739 0.105206 0.0980916 0.0906644 0.0860832 0.0819522 0.0783452 0.0736081 0.0727766 0.061344 0.0789709 0.0737305 0.0603243 0.0584714 0.0555714 0.0537277 0.0629953 0.0512294 0.0483708 0.0474467 0.0464824 0.0461822 0.0435268 0.0410226 0.0400489 0.038502 0.0365596 0.0321892 0.0286179 0.0267041 0.0251949 0.0249168 0.0248767
threshold=132350.00000000003 41.550000000000004 93100.000000000015 19.500000000000004 0.13500230726662729 0.047562236810740496 581.50000000000011 170850.00000000003 36.602866276501686 1017.5000000000001 17.355 1.3120553247241313 21.500000000000004 431290.63743001164 0.084826541140012438 27.920283625566295 20.050000000000004 0.026422655234562251 4972.5000000000009 1.0000000180025095e-35 0.02175992166096823 0.44722222222222224 8.5000000000000018 1.0000000180025095e-35 0.56832298136645976 6.5000000000000009 36.602866276501686 3.5000000000000004 92.500000000000014 0.05799812725458716 0.054864210055848912 23698.000000000004 7.5000000000000009 20.895387988970146 55.350000000000001 13165.750000000002 5406.5050000000001 51.634415608308707 66.2254596345946 0.072303072474394145 23698.000000000004 11206.000000000002 2.6190476190476195 149250.00000000003 17.500000000000004 0.037989586071276345 0.027564800697669832 0.049066430352042611 982.83327781490368 2.5000000000000004 68.840893556230881 66.450000000000017 49.013116763257365 0.054652508310575602 131.50000000000003 59.195029088417513 3.1882352941176477 1.5000000000000002 207.05000000000004 41360.500000000007 21259.000000000004 56.119893403740505
decision_type=2 2 2 2 2 2 2 2 2 2 2 2 2 2 2 2 2 2 2 2 2 2 2 2 2 2 2 2 2 2 2 2 2 2 2 2 2 2 2 2 2 2 2 2 2 2 2 2 2 2 2 2 2 2 2 2 2 2 2 2 2 2
left_child=2 7 4 5 8 9 -5 16 -1 10 13 36 17 32 25 21 31 -9 26 41 -21 -7 30 35 34 38 -19 28 29 56 -18 -2 50 -29 49 37 -12 -16 39 40 -4 -15 -32 48 45 51 -13 60 -44 -17 59 57 -49 -26 -45 -54 -20 -22 -51 -3 -35 -56
right_child=1 3 14 6 -6 15 -8 12 -10 -11 11 46 -14 19 23 24 22 18 27 20 44 -23 -24 -25 53 -27 -28 33 -30 -31 42 -33 -34 47 -36 -37 -38 -39 -40 -41 -42 -43 43 54 -46 -47 -48 52 -50 58 -52 -53 55 -55 61 -57 -58 -59 -60 -61 -62 -63
leaf_value=0.005101752944300761 0.0021646354194102889 -0.00068569685110516027 0.0018706266586308894 -0.00036949420802488502 0.0068037111175568259 0.0011800868764671928 0.0030221497206970897 -0.001756392363446279 0.0026760418218091 -0.003214073425183415 -0.00024746270861250748 -0.0018310774466013318 0.0013753634366151085 -0.00059132201098070325 0.001510993616190782 -0.00068096718649500833 -0.00026252593794313912 0.0013820026429280877 -0.0011422883819755549 -0.0033682909314788436 -0.0022001203891704791 -0.00038599187779384133 -0.0005590551465295407 0.0012552053055316038 -0.00070605179032722605 0.00036044451441365845 -2.3406314608568505e-05 -0.0015675102190282769 0.0012416930500734091 0.00045967084537289866 3.2901739861745658e-07 0.00072829301389288237 -0.0020801944843199301 -0.0011690613158703406 -0.0020291600493947044 0.003138000190065493 0.0010957775662372847 0.0027219687094424613 0.00072447945596832146 0.0022420249683339543 0.00078527117595430715 -0.0016840496222296801 0.0004962675192045177 0.00015086471715826665 -0.0026576442044441936 -0.0012805689543796085 -0.00083347938226642775 0.0003064870617290491 0.0013526450637069472 -0.0017559434577499818 -0.0014836140366478465 -0.0024655018368428296 -0.00013604709697827687 0.00022572260178581549 0.0011174914544257758 -0.0007777010959364362 -0.00043497250348197659 -0.0015409560314172111 -0.00097902583660425648 -0.0013069806014659423 -0.00049493362377432334 0.00050829409579174699
leaf_weight=230 230 574 317 265 241 221 236 208 332 240 202 232 236 205 239 708 390 235 216 244 298 394 334 256 203 258 347 227 211 334 317 246 285 346 200 325 206 258 200 389 309 329 240 442 303 300 289 203 496 203 477 467 413 267 275 480 630 368 243 228 227 429
leaf_count=230 230 574 317 265 241 221 236 208 332 240 202 232 236 205 239 708 390 235 216 244 298 394 334 256 203 258 347 227 211 334 317 246 285 346 200 325 206 258 200 389 309 329 240 442 303 300 289 203 496 203 477 467 413 267 275 480 630 368 243 228 227 429
internal_value=-2.09238e-05 -0.000531772 0.00240066 -0.00111829 0.00460964 -0.00127124 0.00122817 9.08734e-05 0.00366877 -0.00158455 -0.00150644 -0.000527387 -0.000247918 -0.00172947 0.00170531 -0.000597236 0.000520767 -0.000341883 -0.000265838 -0.002013 -0.00221485 0.000176778 0.000373952 0.00223059 -0.000858211 0.00132089 0.00054407 -0.000409241 -7.56576e-05 -0.000311218 0.000494317 0.00142232 -0.00127373 -0.000653975 -0.00109477 0.00253436 0.000430742 0.00213963 0.00152484 0.00168255 0.00133488 -0.00126456 0.000628545 0.000734361 -0.00205273 -0.00192482 -0.00127771 -0.000529726 0.00107339 -0.000932829 -0.00109403 -0.00209541 -0.000335098 -0.000176725 0.000516623 -0.000480945 -0.000615564 -0.0018359 -0.00133265 -0.000862321 -0.000901999 0.000746262
internal_weight=19253 15899 3354 8187 803 7686 501 7712 562 5247 5007 929 4313 4078 2551 2439 3399 4077 3869 2514 1980 615 2923 1078 1824 1473 582 3287 1391 1180 2589 476 1564 1896 1354 822 408 497 1215 1015 626 534 2199 1882 1736 1433 521 1669 736 1154 1279 1133 1096 470 1146 893 846 666 446 802 573 704
internal_count=19253 15899 3354 8187 803 7686 501 7712 562 5247 5007 929 4313 4078 2551 2439 3399 4077 3869 2514 1980 615 2923 1078 1824 1473 582 3287 1391 1180 2589 476 1564 1896 1354 822 408 497 1215 1015 626 534 2199 1882 1736 1433 521 1669 736 1154 1279 1133 1096 470 1146 893 846 666 446 802 573 704
is_linear=0
shrinkage=0.05


Tree=11
num_leaves=63
num_cat=0
split_feature=28 36 28 50 27 2 28 29 50 51 50 2 47 36 27 29 49 2 37 30 58 51 39 27 39 2 2 39 55 5 55 62 48 45 48 2 57 49 55 57 29 62 2 28 47 40 1 29 48 28 39 27 2 25 62 25 57 30 50 42 36 49
split_gain=8.59797 2.09605 1.85978 1.2986 0.81785 0.537905 0.405479 0.38218 0.288254 0.3586 0.253383 0.185957 0.177468 0.162414 0.147346 0.205821 0.146705 0.140219 0.141348 0.129297 0.125357 0.122365 0.118501 0.10606 0.10416 0.0996071 0.0952718 0.0912937 0.126619 0.0933262 0.0885277 0.0878945 0.0806672 0.0773315 0.0723479 0.0670283 0.0632642 0.0554329 0.0617645 0.0550257 0.0523549 0.0681631 0.0655171 0.0483006 0.0465895 0.0448229 0.0415946 0.0414897 0.0416466 0.0393466 0.0517722 0.03833 0.0342708 0.0339538 0.0334917 0.0332896 0.0328248 0.0293578 0.0266423 0.0262962 0.021837 0.0193954
threshold=132350.00000000003 41.550000000000004 93100.000000000015 0.016072960655765061 31509.000000000004 0.047562236810740496 170850.00000000003 845.50000000000011 0.011945006471080552 -0.00011818813013220185 0.011601817167016153 0.084826541140012438 27.920283625566295 20.050000000000004 48855.500000000007 834.50000000000011 0.026422655234562251 0.028217856105960722 24.40571586871128 4972.5000000000009 0.44722222222222224 -0.00011818813013220185 8.5000000000000018 45552.000000000007 6.5000000000000009 0.021748734020547403 0.056106153884536075 3.5000000000000004 23698.000000000004 13221.800000000001 23698.000000000004 17.025000000000002 20.895387988970146 1.0000000180025095e-35 36.602866276501686 0.065137829149068432 3.2034482758620695 0.072303072474394145 23698.000000000004 2.6190476190476195 958.50000000000011 17.440000000000001 0.037989586071276345 149250.00000000003 45.780943801321662 1.0000000180025095e-35 982.83327781490368 1334.5000000000002 66.109177734861404 195150.00000000003 5.5000000000000009 87531.500000000015 0.05799812725458716 131.50000000000003 11.760000000000002 398.50000000000006 3.3944444444444448 8838.5000000000018 0.0019522060262842098 1.0000000180025095e-35 67.750000000000014 0.055416229622969569
decision_type=2 2 2 2 2 2 2 2 2 2 2 2 2 2 2 2 2 2 2 2 2 2 2 2 2 2 2 2 2 2 2 2 2 2 2 2 2 2 2 2 2 2 2 2 2 2 2 2 2 2 2 2 2 2 2 2 2 2 2 2 2 2
left_child=2 6 4 5 -1 8 13 -6 9 25 16 24 20 30 15 -13 -8 33 -19 34 -7 -14 26 -17 37 -3 54 28 29 52 -2 45 -29 36 -18 51 -11 38 -4 -28 -20 42 59 46 -39 60 -41 48 49 -34 -51 56 -21 -45 -15 -38 -23 -44 -53 -42 -27 -30
right_child=1 3 11 -5 7 12 10 -9 -10 17 -12 14 21 22 -16 23 19 18 40 27 -22 35 -24 -25 -26 31 39 32 61 -31 -32 -33 47 -35 -36 -37 55 44 -40 43 41 -43 57 53 -46 -47 -48 -49 -50 50 -52 58 -54 -55 -56 -57 -58 -59 -60 -61 -62 -63
leaf_value=0.0065841160938177479 0.0020564036677419412 -0.0032391790576496052 0.0016223026069157713 0.0022062114618221526 0.001711886480116873 0.0011210825420943473 -0.0016452166958004285 0.0044230635102907971 5.7620214492139037e-05 -0.0027433420783312401 0.0013502627705625442 0.0013328759037449346 -0.0017799654034055979 0.0002350078013462099 0.0011989742911171033 0.0036815217425670435 0.0011402822873655218 0.00013260463108409845 -0.00061928602522664101 -0.00035407847486909676 -0.00036669228695613881 -0.00095201752511278137 -0.00053110237782256196 0.0022234367167842466 0.00034242229222125094 -0.0018072022206243683 3.1256420451160583e-07 -0.0014891347157336065 -0.00070614846394768428 0.001275723484273036 0.00069187836649903852 -0.0011264922021163063 0.00019172646603249038 -0.00092831264850974551 -1.3623510512323785e-05 0.00012744062468054079 -0.0014819120264122788 0.0023826498085987319 0.00068947279845278664 0.00048004445864682928 -0.0013804175636948442 -0.00061336607734722146 -0.0009008227517449185 0.00015247265747817971 0.0014168132681852416 -0.0028714088436427427 0.001289031863741158 -0.00093940536105345486 -0.00083450021029641381 -0.0010553186645861033 -7.1268228316578543e-05 -0.00079609590921578233 0.00050907362377610398 0.00072455338554242694 -0.00062965467459025204 -0.0022674675319728482 -0.00032740540736850808 -0.001425177553652404 -0.0015740394654359269 -0.0019234361729762754 -0.0023973910070390052 -0.00012557728938797179
leaf_weight=276 230 219 361 293 233 221 201 294 296 223 238 256 278 226 310 297 222 207 315 267 394 361 334 215 258 356 317 227 506 215 246 201 405 200 350 240 387 226 349 234 361 308 574 422 279 238 495 387 330 219 343 235 202 673 222 207 504 499 207 583 280 201
leaf_count=276 230 219 361 293 233 221 201 294 296 223 238 256 278 226 310 297 222 207 315 267 394 361 334 215 258 356 317 227 506 215 246 201 405 200 350 240 387 226 349 234 361 308 574 422 279 238 495 387 330 219 343 235 202 673 222 207 504 499 207 583 280 201
internal_value=-1.98776e-05 -0.000505183 0.00228062 -0.00106238 0.00437916 -0.0011837 8.63297e-05 0.00322438 -0.00145976 -0.00154684 -0.000235522 0.00162005 -0.000566624 0.000494729 0.00211906 0.00249045 -0.00032814 -0.00130558 -0.00112556 -0.000259804 0.000167939 -0.000814161 0.000355254 0.00306924 0.00125485 -0.00226726 0.000469601 -0.000380029 -7.18747e-05 0.000413121 0.00135121 -0.00206926 -0.000604332 -0.00180953 0.000434221 -0.000640603 -0.00202525 0.0014486 0.00116377 0.000608346 -0.00122421 -0.00130617 -0.00141196 0.000714018 0.00184905 -0.00228607 0.00102936 -0.000485063 -0.000349495 -0.000183982 -0.000454733 -0.000781637 1.76843e-05 0.00050408 -0.000193463 -0.00175567 -0.000588082 -0.00114467 -0.00116043 -0.00171578 -0.00206703 -0.000541092
internal_weight=19253 15899 3354 8187 803 7894 7712 527 5454 5158 4313 2551 2440 3399 1078 768 4075 3864 2847 3874 615 1825 2923 512 1473 1294 2589 3302 1391 684 476 1075 1911 1017 572 1547 817 1215 710 2141 2640 2325 2017 1824 505 874 729 1684 1297 967 562 1307 469 1095 448 594 865 1073 442 944 636 707
internal_count=19253 15899 3354 8187 803 7894 7712 527 5454 5158 4313 2551 2440 3399 1078 768 4075 3864 2847 3874 615 1825 2923 512 1473 1294 2589 3302 1391 684 476 1075 1911 1017 572 1547 817 1215 710 2141 2640 2325 2017 1824 505 874 729 1684 1297 967 562 1307 469 1095 448 594 865 1073 442 944 636 707
is_linear=0
shrinkage=0.05


Tree=12
num_leaves=63
num_cat=0
split_feature=28 36 28 50 50 28 28 50 39 51 2 39 51 62 39 2 30 47 2 5 39 62 1 2 56 32 2 2 56 39 27 8 2 39 27 47 0 0 46 48 48 55 19 55 55 47 62 47 8 2 30 37 21 24 28 27 1 55 5 36 5 55
split_gain=7.75967 1.89883 1.67845 1.32958 0.76595 0.555046 0.322053 0.280396 0.22969 0.197311 0.169677 0.182978 0.1642 0.171378 0.159947 0.141662 0.162015 0.137778 0.133114 0.129245 0.128982 0.112447 0.110868 0.108233 0.0994876 0.0948476 0.0890899 0.0868599 0.075526 0.0690104 0.0673318 0.0665422 0.0665217 0.064955 0.0601323 0.0549318 0.0523451 0.0516132 0.051217 0.050639 0.048268 0.0478893 0.046979 0.0438787 0.0543458 0.0418482 0.0412583 0.0406904 0.0387745 0.035533 0.033287 0.0324869 0.0310689 0.0275463 0.0255858 0.0233777 0.0228959 0.0225364 0.0222569 0.022185 0.0211504 0.0206984
threshold=132350.00000000003 46.95000000000001 93100.000000000015 0.016072960655765061 0.0063574799820874019 168050.00000000003 283500.00000000006 0.011945006471080552 21.500000000000004 -0.00011818813013220185 0.097285359883803948 7.5000000000000009 -1.0000000180025095e-35 13.730000000000002 8.5000000000000018 0.049707171751338701 4972.5000000000009 30.35351147873531 0.10396739998849536 13165.750000000002 8.5000000000000018 18.805000000000003 982.83327781490368 0.023565365746671074 17.500000000000004 2904.5115000000005 0.072355197154345643 0.021748734020547403 5.5000000000000009 4.5000000000000009 41560.500000000007 197.50000000000003 0.051548237346991245 10.500000000000002 51599.500000000007 1.0116921104623542 194075.10852308242 210816.62005357901 43.54901622579721 42.594839046812446 49.062774367006931 23698.000000000004 51.500000000000007 21259.000000000004 16618.500000000004 52.559470262275134 11.515000000000002 31.948033266119591 196.70000000000002 0.057482228150038943 7202.5000000000009 51.659445793166199 222.50000000000003 56.500000000000007 262350.00000000006 69048.000000000015 1623.4880114649575 64745.000000000007 13165.750000000002 67.15000000000002 12882.200000000003 18400.500000000004
decision_type=2 2 2 2 2 2 2 2 2 2 2 2 2 2 2 2 2 2 2 2 2 2 2 2 2 2 2 2 2 2 2 2 2 2 2 2 2 2 2 2 2 2 2 2 2 2 2 2 2 2 2 2 2 2 2 2 2 2 2 2 2 2
left_child=2 5 4 6 18 14 20 9 12 27 11 26 13 -7 22 16 19 51 -1 -14 32 23 30 39 34 -12 41 -8 -28 43 -2 -18 50 46 36 -25 -24 -26 -30 -11 -32 -4 54 44 -19 -40 -29 -34 -37 60 58 -17 53 -31 57 -50 -56 -33 -3 -48 -45 -44
right_child=1 3 10 -5 -6 8 7 -9 -10 21 25 -13 15 -15 -16 17 31 29 -20 -21 -22 -23 24 35 37 -27 28 33 38 52 40 42 47 -35 -36 48 -38 -39 45 -41 -42 -43 61 49 -46 -47 59 -49 55 -51 -52 -53 -54 -55 56 -57 -58 -59 -60 -61 -62 -63
leaf_value=0.0018065078484819513 0.00081793840703706588 -0.00011137474942129597 0.0015189508364386562 0.0021753248416261114 0.005834930391720658 -0.001752861835048401 -0.0031129223933486746 1.4667470499179922e-05 0.0011268831222956707 -0.0017273649007517146 0.0031896802997883841 0.0002407348062120022 0.0007831128180915101 -6.0032448487725694e-05 -0.0004967990702546526 0.00095265911475880599 -0.0014433286833762844 -5.9701380885611967e-05 0.003560982713882012 -0.00066701768925430185 -0.0017007297013900032 -0.00052948815644573099 0.0015136446982726964 -0.00063454524293033669 0.0017924832977833623 0.0017924043768469335 0.0012000991332933482 -0.0027062389970418407 0.0015527948133821469 -0.00063763198520187694 0.00037107015608296712 6.6113653194502388e-05 0.00033187764853237728 -0.0012237974206644659 0.00036460864416430695 -0.0020079207578111951 0.00049741066844134589 0.00083251018667289942 0.0029280010181154423 -0.0027908020792435963 -0.00055236891925043025 0.00070389861589645211 -0.0014249930006260177 -0.00079111060562747518 0.0010178474548192755 0.001962466126231991 -0.0015461330317353291 -0.00052993078311231519 -0.0010386281630712444 0.00010455590341734933 -0.0010997501204309838 0.00022506085913588563 -0.00097049796022474766 -1.8563824271699976e-05 -0.0010307584120423884 -0.0014913379084606682 -0.0003614825186862921 -0.0005795740682430383 -0.00085181577996602917 -0.0022334428392957804 -0.00011908689384077529 -0.00074277776899926067
leaf_weight=204 251 201 365 285 369 405 215 266 267 229 205 321 342 237 361 327 332 282 230 279 294 307 271 216 325 298 313 275 244 405 245 285 262 210 947 290 238 246 228 219 335 356 228 273 200 221 206 287 382 485 482 289 296 323 286 1125 231 257 205 273 205 217
leaf_count=204 251 201 365 285 369 405 215 266 267 229 205 321 342 237 361 327 332 282 230 279 294 307 271 216 325 298 313 275 244 405 245 285 262 210 947 290 238 246 228 219 335 356 228 273 200 221 206 287 382 485 482 289 296 323 286 1125 231 257 205 273 205 217
internal_value=-1.88837e-05 -0.000479924 0.00216659 -0.00116074 0.0041602 -4.13696e-05 -0.0013207 -0.00155661 -0.000308958 -0.0016625 0.00153905 0.00133695 -0.000370952 -0.00112794 0.000494889 -0.000283261 -0.000566523 -5.76613e-05 0.0027363 0.000131605 -0.000746529 -0.00143178 0.000620151 -0.00154434 0.000819546 0.00236187 0.00154071 -0.00220418 0.00184473 -0.000224563 0.00013378 -0.000802655 -0.000551306 -0.0020015 0.000600183 -0.00138791 0.00103847 0.0013789 0.00213589 -0.00224721 -0.000162296 0.00111651 -0.000661229 -2.03647e-06 0.000387414 0.00245276 -0.0022181 -0.000118649 -0.00147847 -0.000196964 -0.000818793 0.000611302 -0.000538579 -0.000362963 -0.000480083 -0.00137658 -0.00073172 -0.000240052 -0.000485243 -0.00193786 -0.0005029 -0.00109232
internal_weight=19253 15899 3354 6229 803 9670 5944 4213 6451 3947 2551 2048 6184 642 3219 5542 2457 3085 434 621 1731 2768 2858 2461 2027 503 1727 1179 1006 2469 831 1836 1437 964 1456 2013 509 571 693 448 580 721 1504 1445 482 449 754 549 1797 963 888 616 1024 728 1059 1507 517 542 406 479 478 445
internal_count=19253 15899 3354 6229 803 9670 5944 4213 6451 3947 2551 2048 6184 642 3219 5542 2457 3085 434 621 1731 2768 2858 2461 2027 503 1727 1179 1006 2469 831 1836 1437 964 1456 2013 509 571 693 448 580 721 1504 1445 482 449 754 549 1797 963 888 616 1024 728 1059 1507 517 542 406 479 478 445
is_linear=0
shrinkage=0.05


end of trees

feature_importances:
rent_yield_t=80
acs__median_home_value=57
acs__bachelors_or_higher_pct=49
nri__composite_risk=46
acs__median_household_income=45
derived__yield_gross=43
fema__disasters_10yr_count=42
derived__vol_24m=37
wiki__wiki_pageviews=32
nri__wildfire_risk=31
cms__hospital_count=31
cms__mean_star_rating=25
acs__median_gross_rent=23
elec__elec_residential_cents_per_kwh=22
fema__disasters_10yr_severe_storm=19
acs__owner_occupied_pct=16
fema__disasters_10yr_hurricane=16
derived__drawdown=16
nri__flood_risk_combined=14
fred__m2_sa=13
zori_t=11
acs__owner_occupied_units=11
acs__pop_25_29=11
rdc__median_listing_price_per_sqft=10
rdc__active_listing_count=9
rdc__pending_listing_count=9
acs__pop_40_44=9
acs__occupied_units_total=8
cms__pct_with_4plus_stars=8
fred__lumber=7
zhvi_t=6
rdc__median_listing_price=5
fema__disasters_10yr_fire=5
acs__total_pop=4
acs__pop_35_39=4
acs__age_28_38_share=4
afdc__station_count=4
afdc__l2_ports=4
afdc__dcfc_ports=4
acs__pop_30_34=3
fred__treasury_10y_d12m=2
rdc__median_dom=2
fred__mortgage_30y=1
fred__real_rate_10y=1
fred__mortgage_30y_d3m=1
fred__real_rate_10y_d12m=1
rdc__price_reduced_count=1
fema__disasters_10yr_flood=1
fema__disasters_10yr_other=1
fema__disasters_10yr_tornado=1
mit__rep_vote_share=1

parameters:
[boosting: gbdt]
[objective: regression]
[metric: rmse]
[tree_learner: serial]
[device_type: cpu]
[data_sample_strategy: bagging]
[data: ]
[valid: ]
[num_iterations: 1500]
[learning_rate: 0.05]
[num_leaves: 63]
[num_threads: 0]
[seed: 0]
[deterministic: 0]
[force_col_wise: 0]
[force_row_wise: 0]
[histogram_pool_size: -1]
[max_depth: -1]
[min_data_in_leaf: 200]
[min_sum_hessian_in_leaf: 0.001]
[bagging_fraction: 0.5]
[pos_bagging_fraction: 1]
[neg_bagging_fraction: 1]
[bagging_freq: 5]
[bagging_seed: 3]
[bagging_by_query: 0]
[feature_fraction: 0.8]
[feature_fraction_bynode: 1]
[feature_fraction_seed: 2]
[extra_trees: 0]
[extra_seed: 6]
[early_stopping_round: 0]
[early_stopping_min_delta: 0]
[first_metric_only: 0]
[max_delta_step: 0]
[lambda_l1: 0]
[lambda_l2: 0]
[linear_lambda: 0]
[min_gain_to_split: 0]
[drop_rate: 0.1]
[max_drop: 50]
[skip_drop: 0.5]
[xgboost_dart_mode: 0]
[uniform_drop: 0]
[drop_seed: 4]
[top_rate: 0.2]
[other_rate: 0.1]
[min_data_per_group: 100]
[max_cat_threshold: 32]
[cat_l2: 10]
[cat_smooth: 10]
[max_cat_to_onehot: 4]
[top_k: 20]
[monotone_constraints: ]
[monotone_constraints_method: basic]
[monotone_penalty: 0]
[feature_contri: ]
[forcedsplits_filename: ]
[refit_decay_rate: 0.9]
[cegb_tradeoff: 1]
[cegb_penalty_split: 0]
[cegb_penalty_feature_lazy: ]
[cegb_penalty_feature_coupled: ]
[path_smooth: 0]
[interaction_constraints: ]
[verbosity: -1]
[saved_feature_importance_type: 0]
[use_quantized_grad: 0]
[num_grad_quant_bins: 4]
[quant_train_renew_leaf: 0]
[stochastic_rounding: 1]
[linear_tree: 0]
[max_bin: 255]
[max_bin_by_feature: ]
[min_data_in_bin: 3]
[bin_construct_sample_cnt: 200000]
[data_random_seed: 1]
[is_enable_sparse: 1]
[enable_bundle: 1]
[use_missing: 1]
[zero_as_missing: 0]
[feature_pre_filter: 1]
[pre_partition: 0]
[two_round: 0]
[header: 0]
[label_column: ]
[weight_column: ]
[group_column: ]
[ignore_column: ]
[categorical_feature: ]
[forcedbins_filename: ]
[precise_float_parser: 0]
[parser_config_file: ]
[objective_seed: 5]
[num_class: 1]
[is_unbalance: 0]
[scale_pos_weight: 1]
[sigmoid: 1]
[boost_from_average: 1]
[reg_sqrt: 0]
[alpha: 0.9]
[fair_c: 1]
[poisson_max_delta_step: 0.7]
[tweedie_variance_power: 1.5]
[lambdarank_truncation_level: 30]
[lambdarank_norm: 1]
[label_gain: ]
[lambdarank_position_bias_regularization: 0]
[eval_at: ]
[multi_error_top_k: 1]
[auc_mu_weights: ]
[num_machines: 1]
[local_listen_port: 12400]
[time_out: 120]
[machine_list_filename: ]
[machines: ]
[gpu_platform_id: -1]
[gpu_device_id: -1]
[gpu_use_dp: 0]
[num_gpu: 1]

end of parameters

pandas_categorical:[]
